actual_data_bytes_a2b	actual_data_bytes_b2a	rexmt_data_pkts_a2b	rexmt_data_pkts_b2a	RTT_avg_a2b	RTT_avg_b2a	RTT_stdev_a2b	RTT_stdev_b2a
46985	59049	1	2	59.0	21.6	23.0	17.1
45241	58912	0	5	24.0	0.4	40.0	0.2
0	0	0	0	9.3	0.0	0.0	0.0
0	0	0	0	8.9	0.0	0.0	0.0
0	0	0	0	9.6	0.0	0.0	0.0
0	0	0	0	9.3	0.0	0.0	0.0
0	0	0	0	8.8	0.0	0.0	0.0
0	0	0	0	8.9	0.0	0.0	0.0
0	0	0	0	9.9	0.0	0.0	0.0
0	0	0	0	9.6	0.6	0.0	0.0
0	0	0	0	9.2	0.0	0.0	0.0
0	0	0	0	8.7	0.0	0.0	0.0
0	0	0	0	9.3	0.0	0.0	0.0
0	0	0	0	8.9	0.0	0.0	0.0
0	0	0	0	9.5	0.0	0.0	0.0
0	0	0	0	9.7	0.0	0.0	0.0
0	0	2	0	0.0	0.0	0.0	0.0
0	0	0	0	0.3	10.5	0.0	0.0
0	0	0	0	0.3	9.0	0.0	0.0
0	0	0	0	0.4	9.5	0.0	0.0
509	4290	0	0	9.7	0.3	0.7	0.0
1	0	0	0	74.7	0.3	0.0	0.0
1	0	0	0	27.7	0.6	0.0	0.0
1	0	0	0	90.0	0.6	0.0	0.0
1	0	0	0	10.7	0.3	0.0	0.0
3626	6915	0	0	9.7	0.5	1.1	0.5
382	58870	0	0	9.4	0.5	0.0	0.2
6825	73275	0	0	26.0	31.0	19.9	37.8
648	812	0	0	24.2	0.5	19.4	0.2
1201	500440	0	0	9.1	1.7	0.5	8.8
2544	19119	0	0	11.6	9.0	2.1	25.7
3211	2703	0	0	18.8	67.4	1.0	56.3
47130	242	0	0	12.9	0.3	10.0	0.1
1623	45915	0	0	10.1	0.5	0.7	0.2
1	0	0	0	18.4	0.3	0.0	0.0
513	381	0	0	9.0	42.9	0.6	73.6
1	0	0	0	9.9	0.9	0.0	0.0
989	648	0	0	12.1	67.9	20.1	78.3
2968	25415	0	0	10.1	37.8	0.7	45.6
1475	4662	0	0	27.1	0.4	17.4	0.2
2839	1424	0	0	32.2	62.7	0.2	72.1
573	248	0	0	2.0	16.8	0.2	28.5
1408	9946	0	0	211.4	1.3	62.8	2.2
1342	1266	0	0	5.9	29.7	6.1	34.8
1338	59992	0	0	15.2	14.6	13.8	26.1
2396	48774	0	0	20.3	22.2	19.2	39.3
1269	1138	0	0	28.0	53.6	0.4	49.2
310	3898	0	0	1195.1	0.6	0.0	0.1
952	3967	0	0	149.9	13.1	1.6	18.2
0	0	0	0	8.5	0.5	0.0	0.0
0	0	0	0	10.1	0.2	0.0	0.0
0	0	0	0	9.7	0.2	0.0	0.0
0	0	0	0	2.7	0.2	0.0	0.0
0	0	0	0	9.9	1.1	0.0	0.0
0	0	0	0	9.2	1.4	0.0	0.0
0	0	0	0	10.6	0.3	0.0	0.0
0	0	0	0	9.8	0.5	0.0	0.0
0	0	2	0	0.0	0.0	0.0	0.0
952	3967	0	0	163.1	24.5	17.5	55.7
2304	11858	0	0	15.7	1.6	13.8	2.7
3674	11196	0	0	18.1	0.8	13.5	1.1
10766	9048017	0	1	21.0	1.0	14.7	7.2
687	208	1	0	2.7	33.7	1.0	57.8
25574	18505	0	1	20.2	75.1	24.0	38.0
8973	8422	1	0	18.1	1.9	14.6	4.4
1332	603	1	0	27.5	3.3	18.6	5.9
1986	1067	1	0	21.0	4.2	19.7	8.8
11332	260577	0	1	24.2	13.3	52.4	33.2
523	3292	0	0	27.7	0.4	0.0	0.1
1722	1312	1	0	39.7	41.6	41.2	52.0
574	248	1	0	3.2	22.6	0.6	38.6
652	680	0	0	9.6	38.3	1.1	65.4
1420	633	1	0	17.7	2.2	0.5	3.8
0	0	0	0	2.9	0.3	0.0	0.0
1479	916	0	0	18.3	1.8	16.2	3.5
0	0	2	0	0.0	0.0	0.0	0.0
746	4285	0	0	15.3	24.4	11.5	52.9
952	3967	0	0	169.9	17.5	25.7	34.5
0	0	0	0	180.7	0.3	0.0	0.0
0	0	0	0	9.2	0.3	0.0	0.0
1101	30601	0	0	145.9	20.6	36.5	53.0
7236	14611	1	3	12.0	15.5	9.3	39.6
2261	5402	0	1	65.6	0.4	81.4	0.2
2238	8182	0	0	185.7	0.3	26.2	0.1
3164	14518	0	0	13.2	21.3	5.3	50.2
0	0	2	0	0.0	0.0	0.0	0.0
2165	4741	0	0	36.6	0.3	16.2	0.0
2238	8182	0	0	171.5	0.3	34.5	0.0
7688	23064	0	0	215.7	14.2	21.3	33.1
1688	7683	0	0	13.9	0.3	5.6	0.0
2300	8163	0	0	10.7	5.6	1.9	12.8
2300	8163	0	0	12.0	0.6	2.2	0.7
0	0	0	0	10.7	0.4	0.0	0.0
358	484	0	0	65.2	55.4	34.4	52.3
3164	12749	0	0	91.1	10.8	95.3	15.6
651	3915	0	0	45.5	9.2	2.0	12.4
1831	7443	0	0	13.4	0.3	5.2	0.1
1917	2639	0	0	179.2	1.4	41.8	1.7
8153	5538	0	0	159.4	2.4	40.8	4.1
1799	7315	0	0	13.5	0.3	5.2	0.0
48078	32201	1	1	191.0	3.4	30.3	1.5
2758	4296	0	0	9.3	1.1	1.5	1.8
0	0	2	0	0.0	0.0	0.0	0.0
1334	702	126	0	26.8	26.6	16.0	30.6
1990	1110	5	1	20.3	2.5	14.6	4.1
19560	270855	7	5	16.3	2.2	14.4	10.1
49546	40070853	1	10	26.0	0.4	16.7	2.5
258564	109850	13	2	19.3	94.6	27.9	48.1
17894	391584	0	0	10.9	15.1	2.1	35.4
3480	55779	24	0	27.0	0.6	28.7	1.7
110	14022	0	0	25.3	1.2	27.4	0.8
340	27432	0	0	10.3	0.4	1.6	0.1
0	0	0	0	290.0	0.5	0.0	0.0
714	5624	1	0	355.0	0.4	285.3	0.2
1261	7346	0	0	382.0	0.5	263.9	0.2
749	8052	0	2	18.0	0.8	17.7	1.0
0	0	0	0	188.2	0.3	0.0	0.0
301	181	0	0	338.1	0.4	54.9	0.0
8663	2191	0	0	402.2	0.3	87.7	0.0
0	0	0	0	0.0	0.0	0.0	0.0
5601	275805	6	0	22.4	1.9	17.7	8.2
1282	813	5	0	10.4	26.8	0.0	46.0
1304	817	5	0	24.8	30.7	0.0	52.8
1874	4423	5	0	344.6	0.4	87.8	0.2
0	0	0	0	265.7	0.4	0.0	0.0
512	4306	0	0	14.0	0.4	6.9	0.1
733	251	0	0	11.5	3.1	2.0	4.9
509	4291	0	0	11.8	0.4	2.7	0.2
508	4290	0	0	10.6	0.3	0.1	0.0
32693	28248	5	0	15.5	0.4	12.8	0.5
749	6956	0	0	20.7	0.6	19.7	0.7
29483	58645	66	1	34.8	26.4	25.3	32.7
27350	27254	0	2	23.1	19.6	21.2	30.9
55412	985412	48	2	23.3	3.6	21.1	12.8
506	4333	0	1	22.5	0.3	26.5	0.0
1058	1172	0	0	39.3	0.2	18.9	0.0
802	1524	0	0	39.3	0.3	18.7	0.1
2985	50629	5	1	15.6	0.2	11.7	0.1
733	251	0	0	10.7	1.2	1.4	1.7
1122	27591	5	0	18.7	0.2	14.4	0.2
913	14816	0	0	30.2	0.2	2.0	0.0
844	12750	0	1	52.5	0.9	38.2	1.4
287	1718	0	0	11.9	0.2	1.3	0.0
293	1691	0	0	9.7	0.1	0.6	0.0
600	3925	0	0	11.5	0.2	1.2	0.0
295	2080	0	0	10.9	0.2	0.9	0.0
6224	137828	0	0	10.3	12.3	2.1	23.9
749	6872	0	0	17.3	0.3	18.0	0.4
1892	3646	0	0	49.1	0.2	3.4	0.0
2057	3518	0	0	48.6	0.1	1.2	0.0
3119	5907	5	0	26.7	0.2	20.2	0.1
291	1984	5	0	9.8	0.2	0.3	0.0
6613	140431	0	0	10.6	17.5	1.7	42.6
241	1863	0	0	10.3	0.1	0.3	0.0
3161	3310	0	0	53.6	0.1	11.2	0.0
129241	55375	0	0	157.6	0.3	40.7	0.2
1945	3550	0	0	47.6	0.1	3.5	0.0
3161	3310	0	0	55.2	0.1	6.9	0.0
14529	299327	0	1	7.2	0.6	13.2	0.5
713	207	6	0	40.9	72.7	65.7	125.6
2654	2454	0	0	180.6	0.9	5.9	1.2
4668	102763	0	0	13.4	18.7	7.1	53.2
8016	161690	0	0	24.5	1.3	44.4	4.0
134373	4934	0	0	155.4	18.4	11.2	29.8
2368	5871	0	0	15.8	13.3	12.4	26.3
749	6624	0	0	18.3	0.3	17.1	0.3
2654	2454	0	0	182.5	0.2	1.2	0.1
1496	4688	5	1	17.8	0.4	7.1	0.4
512	4017	0	1	12.1	0.2	4.4	0.1
23729	532645	0	1	13.6	14.4	12.9	36.5
0	0	0	0	0.0	0.0	0.0	0.0
2666	2454	0	0	180.3	0.2	0.6	0.1
749	6797	0	0	17.5	0.3	17.8	0.3
2666	2454	0	0	183.2	6.2	1.3	10.5
49028	39779706	0	0	30.4	0.4	27.0	3.3
3676	2454	0	0	181.5	3.6	0.5	5.9
1892	3646	0	0	47.3	0.2	3.6	0.0
3161	3310	0	0	49.0	0.2	7.2	0.1
149	1530	0	0	3.3	0.1	0.3	0.0
1924	3646	0	0	46.7	0.1	2.9	0.0
3161	3310	0	0	47.6	0.1	2.5	0.0
5063	58474	0	0	154.3	0.9	5.4	2.2
5117	4454	0	0	147.3	0.8	3.8	0.8
1289	22369	0	0	5.1	13.9	1.6	38.7
4622	72776	5	0	21.7	0.3	18.8	0.6
1281	811	5	0	9.2	17.5	0.0	30.0
1303	815	5	0	9.9	32.2	0.0	55.5
512	4306	0	0	9.6	0.1	0.2	0.1
518	4055	0	0	10.7	0.2	1.5	0.1
508	4292	0	0	10.4	0.1	1.3	0.0
2104	1141	5	0	33.4	0.7	0.5	1.1
749	6693	0	0	16.6	0.3	17.4	0.3
10045	9710	5	0	15.7	0.2	12.9	0.2
36042	50265006	0	5	8.4	1.2	12.2	9.8
14393	297259	0	0	41.2	11.6	58.1	31.7
0	0	1	0	0.0	0.0	0.0	0.0
0	0	1	0	0.0	0.0	0.0	0.0
0	0	2	0	6.7	0.0	0.0	0.0
0	0	2	0	9.5	0.0	0.0	0.0
0	0	2	0	12.1	0.0	0.0	0.0
0	0	0	0	226.2	0.2	0.0	0.0
0	0	2	0	16.1	0.0	0.0	0.0
0	0	2	0	5.4	0.0	0.0	0.0
18283	388511	0	0	12.0	6.0	13.2	19.6
46906	17136	6	0	15.5	54.0	15.9	18.4
0	0	2	0	4.9	0.0	0.0	0.0
749	6826	0	0	20.0	0.3	17.5	0.3
6613	145795	0	0	10.8	7.5	1.4	18.5
11826	178	0	0	141.8	21.9	0.7	37.7
8303	181333	5	1	22.5	0.3	19.1	0.5
1278	805	5	0	11.3	17.4	0.0	29.7
49028	40013382	0	0	20.8	0.3	15.4	1.9
1296	809	1	0	8.3	17.0	0.0	29.0
518	4055	0	0	10.9	0.2	2.2	0.1
508	4291	0	0	14.6	0.2	2.2	0.1
8650	566385	0	0	257.8	5.6	28.9	18.2
7279	225408	0	0	246.2	4.0	23.3	14.5
293183	214986	20	1	18.2	0.6	19.0	5.1
4237	188222	0	0	262.2	3.8	28.7	12.5
6524	159875	0	0	257.2	5.1	25.1	13.8
8700	579098	0	0	265.3	8.2	18.8	22.2
4843	187378	0	0	262.3	4.2	31.5	11.8
770	37519	6	0	50.8	4.3	9.0	9.9
3254	121976	6	0	80.5	4.9	62.6	11.8
524	35425	0	0	28.4	0.2	0.5	0.0
7960	15844	19	0	158.4	5.3	37.2	15.0
0	0	0	0	201.6	0.7	0.0	0.0
375	167	5	0	10.8	17.3	0.0	29.2
351	3438	0	0	137.9	2.7	0.4	5.0
1809	166315	0	0	30.3	2.4	4.5	9.8
1809	90374	0	0	31.2	1.4	4.6	3.5
1225	4652	0	0	28.7	21.5	0.8	28.9
348	3872	0	0	29.3	11.8	2.1	22.6
2060	24840	0	0	36.5	0.4	20.9	0.4
1636	129539	0	0	31.2	1.7	4.1	5.4
778	15026	0	0	12.0	19.9	3.0	30.6
10892	226607	0	0	11.3	8.5	4.1	27.5
924	18064	0	0	43.5	7.5	25.8	17.0
1710	11976	6	0	6.3	17.8	3.7	29.3
1710	1500	6	0	5.0	28.1	0.8	29.2
1710	1500	6	0	5.3	25.9	4.4	25.5
1284	1125	6	0	8.3	32.3	4.6	30.1
1709	1499	6	0	5.4	27.0	2.8	25.0
1092	7623	6	0	4.5	0.2	1.4	0.0
730	5057	6	0	6.5	0.2	3.2	0.1
1092	6926	6	0	5.2	0.3	2.0	0.3
1092	6911	6	0	4.4	0.2	2.0	0.1
1453	10409	6	0	8.9	0.2	7.0	0.0
1092	6940	6	0	6.1	0.3	2.5	0.2
518	4858	0	1	11.6	0.2	4.7	0.1
1438	18310	0	0	135.9	0.3	2.5	0.3
1392	29137	0	0	140.1	0.2	1.8	0.2
702	2655	0	0	140.0	2.6	2.2	4.8
354	8103	0	0	136.3	0.1	3.8	0.0
352	2705	0	0	154.6	0.2	16.7	0.2
355	9447	0	0	144.5	0.2	1.8	0.0
0	0	0	0	140.7	0.1	0.0	0.0
356	13344	0	0	136.1	0.2	3.7	0.0
749	6967	0	1	57.3	0.4	44.3	0.4
3356	122504	0	0	30.4	0.2	1.9	0.1
455	6068	0	0	31.1	0.2	1.0	0.1
850	20075	0	0	29.9	0.2	1.5	0.0
2267	31578	0	0	29.6	0.4	1.0	0.4
3953	37102	0	0	31.1	13.9	2.8	33.4
4239	15855	0	0	31.4	15.4	5.6	25.6
8111	30873	0	0	30.6	15.1	3.8	22.8
3376	11508	0	0	32.4	2.8	5.7	4.4
3002	13460	0	0	32.7	13.4	5.9	34.3
474	1154	0	0	29.3	31.3	1.3	54.0
1892	3646	0	0	47.8	0.2	5.5	0.0
10892	211585	0	0	11.7	12.0	5.7	30.3
2724	223498	0	0	138.6	0.2	5.1	0.1
2343	160606	0	0	150.2	0.2	5.4	0.1
583	7997	0	0	11.2	0.2	1.7	0.0
1947	171691	0	0	136.9	0.3	3.8	0.3
1957	254629	0	0	144.7	0.2	2.4	0.1
2333	150428	0	0	136.4	0.3	2.3	0.3
2781	193714	0	0	140.5	0.2	1.8	0.2
794	720	0	0	179.5	0.2	0.4	0.0
0	0	1	0	0.0	0.0	0.0	0.0
0	0	1	0	0.0	0.0	0.0	0.0
3161	3310	0	0	47.0	0.1	3.7	0.0
1945	3550	1	0	58.5	0.2	16.3	0.1
1142	5844	0	0	193.7	0.3	1.2	0.3
2898	359599	0	0	138.4	1.4	6.6	7.8
1191	156012	0	1	139.5	1.6	1.0	5.7
790	203845	0	1	151.6	0.2	4.9	0.3
1211	171076	0	1	144.4	3.0	1.3	13.0
3455	840745	0	1	151.5	1.5	5.3	9.9
1187	152144	0	1	150.5	0.3	22.5	0.3
0	0	0	0	139.6	0.2	0.0	0.0
0	0	0	0	138.9	0.2	0.0	0.0
0	0	0	0	143.9	0.2	0.0	0.0
0	0	0	0	139.0	0.1	0.0	0.0
0	0	0	0	134.9	0.1	0.0	0.0
11670	260747	0	1	13.8	2.0	18.7	9.8
0	0	0	1	134.0	0.1	0.0	0.0
0	0	0	1	138.6	0.2	0.0	0.0
749	6764	0	0	18.3	0.3	17.5	0.3
117	133	0	0	44.3	50.9	0.0	0.0
912	301869	0	0	140.8	1.5	3.6	7.6
2086	4860	5	0	10.6	1.2	1.7	3.2
1347	455415	0	0	134.3	1.0	1.4	6.7
25285	555517	0	0	12.3	8.3	6.2	19.6
1374	446449	0	1	140.4	1.0	3.6	5.9
458	183443	0	0	153.1	0.3	11.9	0.2
815	720	0	0	133.5	0.4	1.9	0.5
3802	56140	0	0	41.1	0.2	19.8	0.1
763	691	0	0	42.3	0.2	24.8	0.0
764	692	0	0	43.1	0.2	21.9	0.0
767	696	0	0	35.8	0.1	7.0	0.0
3365	33557	0	0	37.7	12.6	19.6	22.9
2970	25001	0	0	30.0	10.7	2.0	20.7
676	3043	0	0	29.5	0.2	0.0	0.0
48986	40612339	0	0	19.1	0.4	16.0	2.4
150028	63011	6	1	13.2	57.7	21.4	22.2
788	940	0	0	40.1	0.1	20.9	0.0
789	941	0	0	40.7	0.1	20.8	0.0
790	940	0	0	41.4	0.2	21.7	0.0
791	940	0	0	41.8	0.2	21.3	0.0
794	941	0	0	41.1	0.1	20.2	0.0
3836	29883	0	0	65.1	4.7	52.7	11.2
6047	29986	0	1	60.2	24.9	73.1	25.3
724	692	0	1	85.6	18.1	0.0	31.0
749	6858	0	0	17.4	0.5	17.7	0.5
0	0	0	1	85.2	0.4	0.0	0.0
3741	36044	0	0	60.0	1.7	71.1	5.0
1437	689	5	1	81.5	0.7	111.9	1.0
8413	38179	0	1	33.3	2.7	16.3	5.9
3712	16630	0	1	37.3	0.2	25.0	0.1
6496	32203	0	0	34.6	5.3	21.5	7.8
0	0	0	1	66.5	0.4	0.0	0.0
1495	3057	0	0	34.8	0.3	7.3	0.2
3007	6197	0	0	28.7	0.2	0.8	0.1
755	1523	0	0	40.5	0.2	21.2	0.0
1516	2351	0	0	39.2	0.2	21.0	0.0
761	839	0	0	41.9	0.2	23.5	0.0
763	841	0	0	41.1	0.2	22.3	0.0
764	840	0	0	44.1	0.1	19.4	0.0
765	839	0	0	41.6	0.2	22.0	0.0
3186	31464	0	0	30.4	9.5	1.1	20.3
0	0	0	1	30.8	0.2	0.0	0.0
2149	2012	0	0	29.5	31.7	0.9	29.1
3199	11145	0	0	30.4	8.0	1.9	16.6
2285	7265	0	0	29.0	3.1	0.9	5.1
457	975	0	0	31.3	16.4	4.8	28.0
6613	135562	0	0	11.3	5.5	2.5	15.6
9167	90123	6	2	35.2	0.5	42.0	1.7
171	426	0	0	3.9	0.1	0.6	0.0
188	1340	0	0	4.6	0.2	2.6	0.1
158	1643	0	0	3.6	0.2	0.8	0.2
1291	831	5	0	13.4	16.8	6.7	28.6
1313	835	5	0	9.0	15.3	0.4	25.8
518	4055	0	0	9.5	0.2	1.4	0.0
1586	4572	5	0	19.3	1.2	16.2	2.9
388	0	0	0	9.7	0.4	1.2	0.0
2013	28400	0	1	17.3	0.3	16.1	0.2
3443	4568	0	0	223.2	10.9	64.0	22.2
5595	70085	0	4	18.4	7.9	13.1	18.6
5435	52539	0	1	15.6	7.5	9.0	17.4
0	0	0	0	11.2	0.5	0.0	0.0
472	33762	5	0	10.0	0.3	0.0	0.3
420	485	1	0	45.6	8.5	0.4	14.3
1775	573	5	0	18.9	25.3	1.8	29.0
3101	1325	5	0	16.2	0.7	13.9	1.2
1577	28874	5	0	22.2	0.2	16.9	0.1
949	4568	5	0	13.9	0.2	7.1	0.2
12059	246531	0	0	13.4	9.0	15.0	19.5
518	4054	0	0	9.0	15.0	0.6	27.8
648	0	0	0	11.2	0.3	2.0	0.0
0	0	0	0	16.3	0.2	0.0	0.0
1628	14634	0	0	186.8	8.7	1.8	20.8
3428	59680	2	0	12.6	10.0	2.3	17.5
2925	19140	2	0	12.3	11.3	2.0	22.1
2975	43353	1	0	36.4	6.3	14.6	17.3
793	590	5	0	11.9	24.0	2.5	27.6
0	0	0	0	12.3	0.2	0.0	0.0
0	0	0	0	17.0	0.2	0.0	0.0
862	841	2	0	11.2	25.3	2.4	28.6
1496	696	5	0	21.4	0.6	1.5	1.1
5593	2976	5	0	12.9	38.1	4.5	22.2
1086	6149	6	0	14.6	10.8	5.1	23.8
1259	80812	1	0	8.6	4.2	5.6	13.6
2982	3802	2	0	11.0	30.4	1.1	27.1
546	380	2	0	10.5	17.1	0.8	29.2
4031	4290	5	0	20.6	28.3	7.2	25.9
13424	122932	1	0	134.6	4.3	17.8	14.2
390	428	0	0	118.3	1.0	0.8	1.2
388	1591	0	0	117.5	0.2	0.5	0.0
389	321	0	0	115.9	4.9	1.2	8.2
8761	255688	7	2	28.3	0.3	38.1	0.1
9908	240245	7	2	26.2	2.7	30.7	10.7
3437	120598	7	1	31.3	0.3	46.7	0.2
10672	269525	7	2	27.0	0.3	37.0	0.2
400	15618	0	0	119.2	0.2	4.6	0.0
1151	33692	8	1	22.2	0.3	25.8	0.2
11819	278828	7	2	26.6	0.3	40.4	0.3
9903	234415	7	1	24.3	3.4	34.1	12.9
392	1239	0	0	117.7	0.2	1.5	0.0
459	589	0	0	119.8	23.7	1.8	40.9
10669	265511	7	3	29.5	0.3	38.9	0.2
399	3327	0	0	120.9	0.2	2.4	0.0
397	2847	0	0	118.6	0.2	4.3	0.0
395	1885	0	0	116.9	0.1	1.3	0.0
395	3171	0	0	117.9	0.1	0.5	0.0
393	4275	0	0	124.7	0.2	13.3	0.0
394	1126	0	0	118.5	0.2	0.4	0.0
392	28654	0	0	119.5	0.2	1.0	0.1
384	388	0	0	117.1	0.4	2.2	0.4
401	61875	0	0	119.6	0.2	6.0	0.0
749	6796	0	0	17.2	0.3	17.4	0.3
1652	9892	0	0	188.4	1.6	0.8	3.2
0	0	0	0	187.9	0.2	0.0	0.0
0	0	0	0	11.5	0.2	0.0	0.0
0	0	0	0	11.1	0.3	0.0	0.0
0	0	0	0	111.7	0.1	0.0	0.0
0	0	0	0	11.6	0.3	0.0	0.0
390	428	0	0	202.1	10.0	60.1	17.0
5344	131762	8	2	34.8	3.0	47.6	11.6
9530	191614	8	0	30.0	0.3	41.6	0.3
392	1239	0	0	146.0	0.5	24.5	0.0
0	0	0	0	29.0	0.3	0.0	0.0
462	593	0	0	146.9	3.4	22.3	5.2
0	0	0	0	5.4	0.2	0.0	0.0
399	3327	0	0	116.1	0.2	0.8	0.0
397	2847	0	0	118.9	0.1	1.1	0.0
395	1885	0	0	144.2	0.1	40.6	0.0
395	3171	0	0	118.3	0.1	4.8	0.0
393	4275	0	0	116.3	0.2	1.7	0.0
394	1126	0	0	118.5	0.2	0.7	0.0
25285	520551	0	0	15.0	6.6	18.9	18.6
0	0	1	0	0.0	0.0	0.0	0.0
0	0	1	0	0.0	0.0	0.0	0.0
1652	9894	0	0	188.3	0.4	1.4	0.2
0	0	0	0	193.6	0.4	0.0	0.0
0	0	0	0	10.5	0.4	0.0	0.0
0	0	0	0	15.1	0.1	0.0	0.0
0	0	0	0	123.4	0.4	0.0	0.0
462	593	0	0	115.8	0.4	0.4	0.4
390	428	0	0	119.2	0.4	1.9	0.4
392	1239	0	0	118.2	0.1	0.7	0.0
399	3327	0	0	116.8	0.1	1.0	0.0
397	2847	0	0	116.1	0.1	0.8	0.0
395	1885	0	0	116.8	0.1	1.9	0.0
395	3171	0	0	119.1	0.2	0.4	0.0
393	4275	0	0	117.4	0.3	0.2	0.0
394	1126	0	0	116.1	0.1	0.6	0.0
8766	175472	6	1	20.5	0.2	34.2	0.1
0	0	0	0	7.5	0.1	0.0	0.0
462	658	0	0	152.2	0.5	56.8	0.4
0	0	0	0	11.8	0.2	0.0	0.0
461	658	0	0	115.7	0.4	0.5	0.3
459	589	0	0	117.7	0.4	0.4	0.4
462	594	0	0	117.7	0.5	0.8	0.5
461	592	0	0	118.7	0.7	2.2	0.6
461	593	0	0	122.0	0.4	8.6	0.5
462	499	0	0	115.2	0.4	0.7	0.5
462	497	0	0	115.7	0.5	1.1	0.5
462	498	0	0	118.0	0.4	0.3	0.3
463	499	0	0	117.7	0.4	1.6	0.4
463	498	0	0	118.5	0.4	2.1	0.4
462	497	0	0	174.1	0.6	45.5	0.5
463	498	0	0	117.3	0.5	0.2	0.6
463	496	0	0	115.7	0.5	0.6	0.6
463	497	0	0	117.7	0.4	0.7	0.4
463	499	0	0	117.1	0.3	0.4	0.3
463	996	0	1	118.2	0.2	5.8	0.0
462	497	0	0	115.6	0.4	2.4	0.4
460	496	0	0	117.3	0.4	4.5	0.4
464	498	0	0	116.6	0.4	0.6	0.4
463	593	0	0	117.6	12.0	0.4	20.5
0	0	0	0	5.7	0.1	0.0	0.0
464	594	0	0	117.2	0.4	4.9	0.3
464	500	0	0	120.5	0.4	5.6	0.4
464	500	0	0	118.8	0.4	0.7	0.4
463	498	0	0	118.6	0.4	1.4	0.4
463	594	0	0	119.0	0.4	1.5	0.4
462	593	0	0	114.9	0.4	0.2	0.4
49028	40057596	0	3	18.5	0.5	13.4	3.7
461	592	0	0	114.9	0.4	0.2	0.4
311224	136119	15	0	13.6	56.4	20.8	17.6
462	592	0	0	119.5	0.4	1.9	0.4
464	594	0	0	115.4	0.5	1.5	0.6
464	593	0	0	150.3	0.5	27.4	0.4
463	594	0	0	117.3	0.8	0.5	1.1
463	594	0	0	115.7	0.3	0.5	0.3
462	593	0	0	115.8	0.4	0.3	0.4
463	594	0	0	118.9	0.4	4.5	0.4
462	593	0	0	119.7	0.4	4.9	0.4
749	6738	0	0	16.9	0.4	17.8	0.6
464	593	0	0	117.0	0.5	3.8	0.4
465	593	0	0	119.9	0.4	3.6	0.4
464	595	0	0	114.3	0.6	0.7	0.7
464	594	0	0	116.8	0.3	4.7	0.3
465	594	0	0	122.1	0.6	8.6	0.8
465	594	0	0	115.6	0.7	1.3	1.0
768	10965	6	0	5.5	0.1	3.4	0.0
465	595	0	0	119.5	0.4	1.1	0.4
465	594	0	0	125.3	0.4	15.4	0.4
463	499	0	0	116.6	0.4	1.7	0.4
462	497	0	0	116.6	0.4	1.3	0.4
463	498	0	0	115.3	0.6	0.3	0.8
464	499	0	0	115.3	0.8	0.6	1.0
38756	1230	6	0	14.2	0.2	10.5	0.1
1301	710	5	0	17.4	1.2	15.9	2.3
20228	425126	0	0	10.5	8.0	3.2	20.9
749	6801	0	0	17.0	0.3	17.8	0.3
1409	1326	5	1	15.0	0.4	15.0	0.7
4346	77192	5	0	22.1	0.4	18.7	0.7
1281	811	5	0	10.5	17.0	1.2	29.1
1303	815	5	0	9.1	16.6	0.5	28.5
852	13314	0	0	53.5	0.1	0.6	0.1
1248	571	5	0	17.2	16.9	0.0	29.0
1252	719	5	0	17.9	19.6	0.0	33.6
4220	539975	5	0	21.2	0.2	14.9	0.1
6224	129699	0	0	10.1	17.6	1.7	32.2
6972	7635	0	0	10.3	0.1	2.4	0.0
749	6861	0	0	17.7	0.4	17.6	0.3
749	6767	0	0	18.6	0.3	20.9	0.3
24896	480869	1	0	12.3	10.0	13.2	21.1
2524	2070	9	0	20.6	0.3	17.3	0.5
1713	8180	5	2	58.3	0.2	81.5	0.2
1892	3646	0	0	48.1	0.1	4.0	0.0
49028	40019458	0	0	19.2	0.3	13.1	1.8
3161	3310	0	0	60.1	0.1	28.1	0.0
1301	756	5	1	23.1	0.5	25.7	0.7
1945	3550	0	0	70.6	0.2	33.3	0.0
749	6779	0	0	19.4	0.4	18.6	0.5
15560	286467	0	0	10.3	8.9	1.7	19.9
749	6736	0	0	17.7	0.4	17.3	0.2
1244	414	10	0	3.4	27.4	1.9	31.5
181	1637	0	0	3.1	0.2	0.7	0.0
802	1524	0	0	31.5	0.2	4.0	0.1
1058	1156	0	0	30.0	0.2	2.6	0.2
296	3116	0	0	4.5	0.2	2.8	0.1
447	5768	0	0	11.9	0.2	16.7	0.1
23729	502798	0	0	14.1	8.3	13.9	19.8
749	6873	0	0	17.4	0.4	18.6	0.3
749	6689	0	0	18.1	0.3	18.8	0.3
48986	40664633	0	1	23.7	0.3	16.5	2.8
0	0	1	0	0.0	0.0	0.0	0.0
0	0	1	0	0.0	0.0	0.0	0.0
1924	3646	0	0	81.8	0.2	43.5	0.1
1383	4820	5	0	300.9	0.2	45.9	0.1
0	0	0	0	263.4	0.3	0.0	0.0
31120	676253	0	0	12.9	9.1	11.4	21.5
749	6802	0	1	20.9	0.4	16.3	0.4
1300	710	5	0	15.3	0.6	13.3	1.2
749	6620	0	0	17.4	0.3	18.2	0.3
18672	413858	0	0	11.3	9.9	3.3	23.8
1924	3646	0	0	50.4	0.2	5.5	0.1
3054	454	0	0	130.7	0.3	84.6	0.1
1660	21987	0	0	3.5	6.7	0.8	19.5
363	22599	0	0	3.3	0.5	0.4	0.0
710	115574	0	0	4.7	0.3	3.8	0.1
379	107533	0	0	2.7	0.2	0.1	0.1
1945	3550	0	0	48.9	0.2	3.9	0.1
7206	11594	5	0	12.5	6.1	11.2	17.2
48986	40797802	0	0	21.3	0.4	22.7	2.7
314857	129155	13	0	15.1	52.6	27.1	9.4
749	6770	0	0	17.5	0.3	18.0	0.4
749	6838	0	0	18.6	0.7	20.6	1.0
1892	3646	0	0	46.2	0.2	2.5	0.0
3161	3310	0	0	47.1	0.1	3.4	0.0
0	0	1	0	0.0	0.0	0.0	0.0
0	0	1	0	0.0	0.0	0.0	0.0
4668	97549	0	0	13.9	4.9	10.8	16.2
1556	33467	0	0	14.0	9.8	7.3	22.4
389	7762	0	0	31.0	10.7	19.8	23.5
4279	96809	0	0	13.1	1.9	10.5	4.6
17505	378383	0	0	11.7	7.3	5.3	18.2
749	6887	0	1	21.4	0.4	18.8	0.5
749	7319	0	1	29.8	0.7	17.2	0.3
117	133	0	0	46.3	21.9	0.0	0.0
2646	4088	0	0	14.8	1.6	10.6	2.9
749	6813	0	0	20.9	0.5	21.1	0.6
1300	710	5	0	15.2	1.0	15.0	1.9
3112	69297	0	0	11.6	8.8	4.9	20.6
1892	3646	0	0	51.2	0.2	13.4	0.0
3161	3310	0	0	47.2	0.2	3.7	0.1
1054	4417	0	0	5.4	24.1	3.1	32.7
429	5140	0	0	2.5	0.3	0.4	0.0
415	7067	0	0	2.3	0.2	0.2	0.0
403	18760	0	1	2.9	0.2	0.3	0.0
427	44508	0	0	2.5	0.2	0.2	0.0
5835	126294	0	0	36.9	11.7	42.9	22.9
413	92403	0	0	4.0	0.4	0.9	0.1
385	114917	0	0	3.7	0.4	0.5	0.2
171	426	0	0	4.5	0.3	2.2	0.1
158	1826	0	1	4.8	0.3	2.1	0.2
403	234451	0	0	3.6	0.3	0.2	0.2
403	462190	0	0	5.7	0.3	3.7	0.1
387	744908	0	66	4.2	0.5	0.3	0.4
371	460167	0	0	36.1	0.4	55.6	0.2
722	1046984	0	0	29.9	0.4	46.5	0.2
371	970922	0	1	3.4	0.4	0.4	0.2
371	965171	0	0	3.1	0.3	0.1	0.1
371	806379	0	0	3.1	0.2	0.4	0.1
1424	3374171	0	0	11.1	0.6	8.9	4.4
2285	2908428	0	1	6.8	0.7	2.9	4.6
655	21254	0	0	6.4	15.5	5.0	30.4
627	8552	0	0	4.0	12.0	1.6	28.9
627	8598	0	0	3.5	12.5	2.1	27.7
713	1420584	0	0	3.3	0.8	1.1	5.2
389	9186	0	0	51.5	0.4	59.5	0.2
1244	46129	0	0	8.0	9.9	4.7	20.7
642	507059	0	0	26.0	1.6	41.8	8.8
3072	417983	0	0	52.3	3.2	50.5	8.8
1847	1198764	0	1	6.7	1.6	1.9	8.9
1599	1027264	0	0	26.2	1.3	44.9	7.4
749	6827	0	0	175.0	0.3	83.3	0.2
716	727851	0	38	13.8	0.8	15.1	6.3
3933	1782525	0	1	12.2	1.3	13.3	7.5
6224	138550	0	2	37.7	6.3	46.8	16.9
690	1999486	0	13	6.6	0.5	4.0	3.9
367	1004593	0	1	5.8	0.2	0.8	0.1
4206	7251855	0	13	22.6	0.6	25.9	4.0
49070	39624742	0	0	34.2	0.4	30.2	1.4
0	0	0	0	118.0	0.2	0.0	0.0
4866	7392577	0	36	13.7	0.6	14.2	4.0
623	8096	0	0	5.5	20.2	3.4	34.7
621	1533	0	0	7.1	19.9	6.4	34.3
621	8251	0	0	4.2	17.4	3.1	29.8
749	6957	0	0	16.7	0.3	17.9	0.3
6613	146404	0	0	16.5	10.3	26.3	21.1
1722	1018	6	0	18.0	0.5	15.4	1.0
1620	4603	5	0	17.5	7.6	11.5	22.0
349	4019	0	0	10.3	0.1	1.4	0.1
349	4020	0	0	10.0	0.2	1.0	0.1
7780	178951	0	0	14.6	9.7	14.6	21.2
1233	4628	5	0	26.6	0.2	28.4	0.1
7780	183476	0	0	10.6	6.5	1.7	17.3
749	6717	0	0	17.0	0.3	17.9	0.2
75077	1724715	0	0	12.1	9.9	9.5	20.2
1652	1984	7	0	19.8	0.2	16.8	0.2
1402	1114	5	0	15.4	0.3	13.8	0.2
1408	1236	5	0	15.8	0.6	15.9	0.8
0	0	1	0	0.0	0.0	0.0	0.0
0	0	1	0	0.0	0.0	0.0	0.0
1892	3646	0	0	87.7	0.2	87.3	0.0
3161	3310	0	0	55.5	0.2	21.7	0.0
1945	3550	0	0	46.8	0.2	3.9	0.1
22707	732	5	0	12.3	0.2	9.8	0.2
780	4658	0	0	16.1	0.5	16.5	0.5
749	6705	0	0	18.2	0.6	17.4	0.8
749	6903	0	0	16.7	0.3	18.2	0.3
49462	40727291	1	0	29.5	0.5	29.0	2.6
5179	151078	5	1	40.7	0.3	39.6	0.4
1283	815	5	0	9.2	17.1	0.3	29.3
1305	819	5	0	8.9	16.6	0.5	28.3
3533	50760	0	0	34.7	9.8	13.3	20.3
2964	35479	0	0	32.4	14.8	3.1	24.8
611	19628	0	0	28.7	0.2	0.0	0.1
928	462120	0	0	29.6	0.5	2.0	0.4
488	985	0	0	29.9	20.2	0.0	34.6
57668	42263	11	1	16.2	0.3	14.0	0.2
1112	1473	0	0	31.0	11.7	2.0	22.5
0	0	0	1	30.4	0.2	0.0	0.0
2770	3931	5	0	12.4	0.4	10.5	0.6
2815	636	0	0	188.5	16.7	2.7	28.6
2766	636	0	0	117.9	21.2	0.8	36.3
749	6702	0	0	17.8	0.5	18.0	0.5
1300	710	5	0	14.1	0.5	13.9	1.0
27090	22920	0	2	21.4	16.7	12.9	24.8
0	0	0	1	51.1	1.0	0.0	0.0
1646	10447	0	1	55.1	9.3	13.1	12.6
2168	77704	6	0	71.5	1.2	51.6	1.8
1706	11700	6	1	92.5	5.8	100.9	13.4
1273	14434	6	0	90.9	7.4	93.6	13.0
1692	26948	6	0	86.5	0.3	73.3	0.2
1264	89082	6	0	52.1	3.5	6.6	6.8
1721	9510	6	1	91.7	5.1	92.4	11.9
5514	158532	1	2	22.4	0.5	14.8	0.4
88932	1143776	39	11	30.6	2.7	33.3	11.4
457	16076	6	0	50.0	0.3	4.9	0.2
445	6243	6	0	60.0	0.3	21.8	0.1
446	18783	6	0	57.4	0.4	18.0	0.1
457	13007	6	0	49.2	0.3	4.3	0.2
636	216	0	0	42.3	0.1	9.1	0.0
455	44207	6	0	43.6	0.2	0.4	0.0
436	129282	0	0	172.8	0.2	54.7	0.2
363	625	0	0	173.9	16.8	52.7	27.8
1081	1618	1	1	47.1	0.2	58.1	0.0
0	0	0	0	26.8	0.7	0.0	0.0
1020	59024	3	1	27.6	7.8	26.1	18.6
1198	22108	0	1	39.3	12.2	10.7	26.4
5630	220639	6	1	40.4	1.7	4.6	8.3
1246	637	1	0	54.9	18.3	57.9	30.6
0	0	0	0	37.3	0.3	0.0	0.0
0	0	0	0	136.9	0.4	0.0	0.0
3590	8303	6	0	129.3	0.3	24.7	0.2
4400	1218	5	0	38.4	33.2	37.9	30.3
0	0	0	0	111.7	0.2	0.0	0.0
1604	927	1	0	9.3	0.3	0.3	0.1
733	251	0	0	12.8	0.8	4.2	1.1
1692	4138	19	0	138.8	0.3	2.2	0.2
1288	5035	4	0	38.6	7.1	18.7	15.4
733	251	0	0	9.6	1.2	1.3	1.7
2271	17035	0	0	146.1	15.6	5.0	24.2
2354	18495	0	0	148.3	8.2	5.5	19.1
3323	2189	5	0	20.0	0.7	16.3	1.0
394	3908	6	0	35.9	0.2	1.2	0.1
0	0	0	0	4.1	0.2	0.0	0.0
622	10916	6	0	5.1	0.2	3.5	0.1
1363	15228	6	0	14.8	8.5	9.2	20.4
568	4215	0	0	14.9	13.4	7.6	26.4
2529	18209	1	0	31.3	2.9	2.7	9.2
965	197	6	0	134.8	18.4	1.0	31.5
633	315	0	0	30.1	16.5	1.3	27.7
1475	80669	6	0	5.8	7.2	5.2	18.9
930	1625	0	0	139.5	27.7	4.7	31.1
952	1690	0	0	144.1	25.4	3.7	29.1
948	8549	0	0	141.6	10.2	4.0	22.6
1605	49477	0	0	139.2	10.8	6.3	22.3
3670	76742	6	0	4.0	6.7	1.3	17.0
734	104523	0	0	137.3	4.0	2.2	14.1
643	4418	0	0	28.9	18.7	0.9	31.9
643	4387	0	0	29.0	17.6	0.4	29.8
568	141	0	0	28.6	3.0	0.6	4.9
568	141	0	0	28.9	3.2	0.7	5.2
0	0	0	0	141.2	0.5	0.0	0.0
372	34514	0	0	141.4	0.4	0.5	0.4
362	3416	0	0	138.2	0.3	0.5	0.1
361	9152	0	0	139.7	0.4	1.6	0.3
0	0	0	0	141.5	0.3	0.0	0.0
0	0	0	0	143.6	0.3	0.0	0.0
0	0	0	0	139.6	0.2	0.0	0.0
3050	31721	6	0	38.7	0.3	1.7	0.2
509	477	0	0	28.8	0.4	1.0	0.0
1560	2314	1	0	114.3	14.0	3.4	27.3
0	0	0	0	115.8	0.2	0.0	0.0
402	301	0	0	27.7	0.1	0.4	0.0
965	109	1	0	113.2	16.9	0.2	28.7
524	11510	5	0	9.3	0.2	0.0	0.1
906	959	5	0	9.6	17.3	0.0	29.5
2941	2035	1	0	115.7	0.3	3.6	0.3
976	248	6	0	3.4	17.7	0.5	30.2
475	6969	6	0	36.3	0.2	0.2	0.1
3273	554	6	1	37.2	0.3	1.5	0.2
1538	5770	1	0	46.1	20.7	19.2	28.1
1260	5999	1	0	55.8	11.5	23.1	15.2
707	4532	6	0	2.9	0.2	0.7	0.0
0	0	0	0	3.8	0.3	0.0	0.0
1338	4385	5	0	11.3	0.3	2.5	0.2
2610	6555	6	0	3.8	0.4	0.8	0.3
1892	3646	0	0	46.9	0.3	1.4	0.3
3161	3470	0	0	50.2	0.2	6.8	0.1
29400	54303	66	2	32.7	22.4	20.3	27.1
1924	3646	0	0	48.8	0.1	3.8	0.0
3161	3310	0	0	51.6	0.2	10.9	0.1
49028	40272706	0	0	19.7	0.4	14.5	2.6
598	5717	0	0	196.6	0.6	20.1	0.8
749	6981	0	0	18.8	0.5	16.9	0.6
5835	120734	0	0	10.0	13.0	2.1	22.6
149	1532	0	0	2.4	0.2	0.3	0.1
594	5981	0	0	3.9	0.2	1.3	0.1
181	1622	0	0	3.2	0.2	0.6	0.1
802	1524	0	0	37.3	0.3	17.3	0.1
1058	1172	0	0	37.4	0.5	17.2	0.2
1892	3646	0	0	44.8	0.2	3.0	0.0
3161	3310	0	0	47.6	0.2	4.6	0.1
226	3192	0	0	33.0	13.0	5.2	25.6
512	15014	0	0	29.2	0.2	1.5	0.1
53733	1169410	0	0	10.0	7.6	3.4	18.2
1324	602	1	0	9.3	0.2	0.9	0.0
1586	276	6	0	42.4	0.2	4.7	0.1
2314	407	5	0	14.8	16.9	4.7	28.9
48078	32004	1	0	114.2	5.5	15.5	10.1
749	6918	0	0	16.9	0.4	18.1	0.5
382933	343868	55	3	18.2	3.0	16.6	12.0
749	6745	0	0	17.1	0.4	18.0	0.3
1892	3646	0	0	48.2	0.1	4.2	0.1
3161	3310	0	0	48.3	0.1	3.5	0.1
1945	3550	0	0	47.2	0.1	3.9	0.0
15652	13329615	0	0	18.7	0.3	13.1	0.2
4273	115878	5	0	18.7	0.4	17.1	0.4
1873	4823	5	0	16.3	0.2	16.1	0.1
2380	13206	0	0	31.0	10.9	2.7	23.5
2818	2662	0	0	29.1	27.0	1.1	24.2
0	0	0	1	28.5	0.2	0.0	0.0
1829	24234	0	0	30.2	6.9	4.2	17.4
478	989	0	0	27.9	15.7	0.2	27.0
0	0	0	1	28.4	0.2	0.0	0.0
555	630	0	0	29.3	17.4	0.3	29.8
565	644	0	0	29.2	17.4	0.4	29.9
0	0	0	0	0.0	0.0	0.0	0.0
1473	597	5	0	9.3	17.0	0.0	29.1
0	0	0	0	9.6	0.3	0.0	0.0
294243	983339	1	13	27.8	0.6	27.7	4.5
508	4290	0	0	9.8	0.1	2.5	0.0
4771	811775	5	0	69.5	1.2	85.1	4.3
504	4291	0	0	20.4	0.3	14.4	0.2
504	4290	0	0	20.1	0.3	13.2	0.2
504	4291	0	0	16.4	0.3	7.4	0.2
2261	10253	6	0	42.4	0.4	36.9	0.3
506	4039	0	0	48.2	0.5	52.4	0.1
9243	525220	11	0	24.3	0.4	20.0	0.5
504	4333	0	1	26.0	0.5	23.2	0.1
504	5344	0	1	15.7	0.6	4.0	0.2
504	4333	0	1	33.7	0.6	31.4	0.2
504	4334	0	1	35.8	0.6	35.1	0.2
504	5388	0	2	19.4	0.3	11.2	0.1
511	4111	0	0	32.5	0.3	13.3	0.1
749	7551	1	1	29.7	0.9	40.5	0.6
733	251	0	0	43.5	1.3	54.7	2.1
508	4291	0	0	43.4	0.4	54.5	0.5
1336	23787	5	0	23.9	0.6	15.6	1.3
3089	1303	5	0	16.3	0.6	13.4	0.7
1437	706	5	0	21.8	0.5	13.2	0.7
512	4307	0	0	10.3	13.1	2.1	26.0
749	6703	0	0	16.5	0.2	17.9	0.2
1300	710	5	0	14.5	1.0	15.1	2.0
2915	5196	5	1	26.0	0.5	33.2	0.6
1152	12927	5	0	17.3	0.3	18.6	0.2
733	251	0	0	10.3	1.1	1.8	1.5
32100	4900268	0	6	18.3	0.4	10.0	2.8
26349	7739456	0	6	20.9	0.7	17.3	2.4
1563	6271	11	2	24.1	0.3	20.3	0.3
1183	21293	5	0	21.4	0.3	21.1	0.1
1402	10189	0	0	198.5	1.3	17.3	2.6
749	6821	0	0	127.7	0.9	85.0	0.8
1330	1723	5	0	19.3	0.4	17.2	0.3
1076	1155	5	0	14.1	0.3	13.9	0.2
749	6703	0	0	16.8	0.4	17.7	0.5
1892	3646	0	0	47.4	0.3	4.4	0.1
3161	3310	0	0	48.2	0.2	3.9	0.0
749	6844	0	0	17.6	0.5	17.7	0.5
749	7136	0	0	18.6	0.5	18.5	0.7
749	6856	0	0	18.1	0.5	18.8	0.5
755	6610	5	0	16.5	0.2	14.7	0.1
4882	330915	0	1	32.6	0.3	30.6	0.1
17855	3817951	0	4	15.6	1.0	10.3	1.0
749	6966	0	0	35.5	0.5	56.6	0.5
728	6270	0	1	48.2	0.8	71.7	0.7
1400	10188	0	0	337.8	2.9	17.5	5.9
0	0	0	1	328.2	0.2	0.0	0.0
749	5831	0	0	17.6	0.4	18.6	0.5
749	6693	0	0	18.9	0.5	19.7	0.6
3571	4457	0	0	17.2	22.5	17.4	30.0
0	0	0	0	211.9	0.3	0.0	0.0
9431	4980	0	0	15.4	0.2	14.9	0.0
248	2134	0	0	3.4	0.2	0.0	0.0
6358	6333	0	0	182.4	21.7	37.5	24.7
3427	201384	0	0	19.4	0.8	9.4	2.1
39475	10706762	0	6	19.7	0.5	12.7	0.5
1402	10188	0	0	261.8	3.6	100.7	7.2
0	0	0	0	189.0	0.2	0.0	0.0
749	6691	0	0	17.2	0.4	18.2	0.3
567	133	0	0	51.8	0.6	42.8	0.3
117	133	0	0	43.8	25.4	0.0	0.0
158	1643	0	0	6.9	0.3	6.3	0.3
171	426	0	0	6.9	0.4	6.2	0.4
188	1339	0	0	7.4	0.3	5.6	0.1
7800	23256	0	0	185.5	2.6	4.2	5.9
7720	23064	0	0	182.2	2.7	2.2	5.7
1892	3646	0	0	46.9	0.2	2.9	0.0
3161	3310	0	0	50.8	0.2	7.2	0.0
749	6620	0	0	17.4	0.5	18.0	0.5
749	6655	0	0	17.3	0.5	19.3	0.6
1409	1393	5	0	15.2	0.6	14.9	1.0
1610	779	5	0	51.9	0.8	15.2	1.5
2053	29186	8	0	22.4	4.6	20.0	14.3
12074	2540339	0	2	24.2	0.5	20.3	0.7
17847	3964702	0	4	19.7	0.7	12.3	4.2
1531	912	8	0	18.5	0.5	16.7	0.6
1412	10316	0	1	64.4	1.1	39.7	2.0
1152	12831	5	0	22.6	0.2	34.3	0.1
749	6845	0	0	16.6	0.5	17.8	0.6
0	0	1	0	0.0	0.0	0.0	0.0
0	0	1	0	0.0	0.0	0.0	0.0
710	27787	6	0	129.9	6.0	37.3	16.4
0	0	0	0	113.0	0.2	0.0	0.0
187	270	0	0	3.7	0.2	0.7	0.1
187	270	0	0	3.2	0.3	0.8	0.3
1892	3646	0	0	47.7	0.1	3.2	0.0
3161	3310	0	0	54.1	0.2	15.0	0.1
1945	3550	0	0	48.0	0.2	4.2	0.1
749	6773	0	0	17.3	0.5	18.4	0.6
30019	994	6	0	13.7	0.4	11.6	0.4
749	6599	0	0	17.4	0.6	17.5	0.7
2001	66344	0	0	8.7	0.2	0.7	0.2
46699	13053706	0	6	18.5	0.9	12.6	2.9
1410	10188	0	0	151.4	2.0	18.7	3.8
2626	3928	5	0	12.5	0.5	11.1	0.7
749	6952	0	0	28.9	0.5	23.2	0.2
749	6874	0	0	18.3	0.3	21.5	0.3
1301	710	5	0	14.0	1.2	13.9	2.0
2049	406500	5	0	17.9	1.8	11.7	8.0
568	247	0	0	9.2	1.2	0.1	1.9
568	247	0	0	8.9	0.4	0.4	0.4
1892	3646	0	0	47.1	0.3	4.0	0.2
3161	3310	0	0	55.3	0.2	20.5	0.0
749	6681	0	0	17.4	0.5	17.6	0.5
749	6718	0	0	17.2	0.4	17.8	0.3
8636	87914	5	0	26.3	0.3	21.4	0.5
1300	849	5	0	9.6	17.4	0.8	29.4
1322	853	5	0	9.4	15.2	0.9	26.1
1308	21534	1	0	9.7	6.5	0.1	17.8
2374	153193	1	2	36.7	2.8	42.4	10.8
3840	823210	1	3	17.6	1.5	10.8	6.0
1546	122192	1	2	14.8	0.5	5.7	0.4
2403	20647	1	3	12.7	0.1	3.5	0.0
852	7326	3	0	32.2	8.6	5.7	18.3
856	6934	3	0	30.6	7.1	3.2	15.4
459	513	1	0	11.1	19.5	1.9	33.4
962	38913	1	1	58.1	0.4	92.6	0.3
572	255	6	0	11.8	16.3	8.8	27.5
1112	4837	5	0	19.6	0.7	14.5	0.8
968	406	5	0	9.7	17.2	0.7	29.6
812	248	6	0	3.3	17.2	0.1	29.4
1287	511	0	0	30.0	0.8	2.1	0.0
2164	5245	137	0	119.0	3.8	7.8	10.1
1915	946	1	0	9.7	13.5	1.0	26.7
1872	4948	0	0	118.8	10.3	15.6	22.5
406	3572	0	0	111.9	13.5	2.2	26.6
512	35163	1	0	9.9	0.9	1.2	0.8
511	20359	1	0	10.4	0.2	2.4	0.0
513	6789	1	0	15.4	0.2	8.9	0.1
3928	92649	17	2	29.4	0.5	28.9	1.0
2000	66344	0	0	13.7	0.3	7.4	0.3
17839	3180801	0	4	17.6	0.7	13.6	0.9
2786	2014	17	2	35.1	4.5	33.6	13.5
1408	9163	0	0	19.3	1.0	0.7	2.0
4879	480965	0	1	22.9	0.3	26.5	0.1
13519	2420273	0	1	23.9	0.4	15.4	0.3
1408	9163	0	0	26.8	1.3	16.7	2.7
749	6816	0	0	17.7	0.3	17.4	0.3
1396	5075	145	1	26.8	12.4	18.7	10.1
22184	5444490	0	1	26.3	0.7	22.5	0.8
7765	1495548	0	2	18.9	0.6	19.9	0.4
1412	10189	0	0	40.8	1.3	9.7	2.6
181	1621	0	0	6.4	0.2	1.6	0.0
594	5975	0	0	6.1	0.2	0.9	0.1
149	1531	0	0	6.4	0.3	1.5	0.2
802	1524	0	0	29.5	0.2	1.4	0.1
1058	1172	0	0	29.8	0.2	1.3	0.1
1892	3646	0	0	46.5	0.2	3.3	0.0
3161	3310	0	0	46.1	0.2	2.1	0.1
1945	3550	0	0	47.6	0.2	3.1	0.0
1062	4008	0	0	19.0	0.7	17.5	1.0
749	6810	0	0	17.2	0.5	17.8	0.5
14979	3999768	0	5	15.7	1.0	11.3	1.1
10643	967663	0	2	24.5	0.3	16.9	0.2
1412	10189	0	0	42.3	2.9	11.5	6.0
749	6882	0	0	18.0	0.4	17.2	0.3
22202	6116303	0	2	19.8	0.5	14.9	2.8
7767	471492	0	1	13.5	0.3	5.0	0.2
1403	10188	0	0	195.4	3.6	16.3	7.4
749	6715	0	0	18.8	0.5	17.2	0.5
1892	3646	0	0	48.5	0.2	5.2	0.1
3161	3470	0	0	47.9	0.2	3.5	0.1
2654	2454	0	0	181.1	0.3	0.4	0.3
749	6651	0	0	19.0	0.5	17.6	0.5
974	4627	5	0	34.7	0.2	1.3	0.0
2654	2454	0	0	175.7	0.4	1.1	0.3
749	6848	0	0	17.3	0.5	17.6	0.6
2666	2454	0	0	177.5	0.4	2.2	0.3
749	6808	0	0	17.0	0.3	17.5	0.2
2666	2454	0	0	182.0	0.4	0.5	0.3
14975	3436398	0	0	25.3	0.7	17.3	4.3
7762	463351	0	1	34.9	0.3	20.6	0.1
1631	10188	1	0	341.4	2.4	18.8	5.3
0	0	0	0	371.0	0.3	0.0	0.0
0	0	1	0	0.0	0.0	0.0	0.0
0	0	1	0	0.0	0.0	0.0	0.0
1924	3646	0	0	46.4	0.2	3.7	0.1
3161	3310	0	0	48.7	0.2	4.1	0.0
3676	2454	0	0	179.8	0.4	1.3	0.3
1301	710	5	0	16.5	0.6	15.0	1.1
17861	4663800	0	71	24.3	0.5	18.4	1.0
27974	7882545	1	2	24.3	0.8	25.1	2.6
1411	10188	0	0	186.9	2.4	19.8	5.3
749	6827	0	0	16.2	0.3	17.8	0.3
1892	3646	0	0	47.6	0.2	4.2	0.1
3161	3470	0	0	55.4	0.2	16.5	0.1
1924	3646	0	0	48.4	0.2	3.2	0.0
3161	3310	0	0	57.8	0.2	11.2	0.1
749	6732	0	0	17.6	0.5	18.3	0.5
0	0	1	0	0.0	0.0	0.0	0.0
0	0	1	0	0.0	0.0	0.0	0.0
1668	16382	5	0	21.8	0.9	18.0	1.7
2002	66344	0	0	9.2	0.2	1.1	0.1
56827	15923693	1	6	20.6	0.8	14.6	2.2
1280	710	5	1	19.0	0.4	17.7	0.7
1413	10189	0	0	202.3	2.2	17.8	4.8
0	0	0	0	191.6	0.2	0.0	0.0
117	133	0	0	56.5	20.3	0.0	0.0
158	1643	0	0	12.2	0.2	8.0	0.1
171	426	0	0	12.2	0.1	8.7	0.0
0	0	1	0	0.0	0.0	0.0	0.0
0	0	1	0	0.0	0.0	0.0	0.0
567	133	0	0	37.1	0.6	34.9	0.3
1892	3646	2	0	48.1	0.2	3.4	0.1
3161	3470	0	0	91.5	0.2	91.5	0.0
598	5717	0	0	192.0	0.4	21.5	0.3
749	6867	0	0	17.2	0.3	18.0	0.2
1924	3646	0	0	47.6	0.2	3.2	0.0
3161	3310	0	0	48.6	0.2	5.0	0.0
1651	1844	6	0	16.6	6.8	15.2	18.2
296	3131	0	0	6.7	0.2	2.5	0.1
298	2846	0	0	18.1	0.3	18.2	0.2
3990	9688	0	0	14.2	0.3	4.4	0.2
7578	12690	0	0	12.5	0.3	3.0	0.4
4007	11505	0	0	13.3	0.2	5.6	0.0
2205	8280	0	0	12.8	0.2	2.1	0.1
3320	4280	0	0	204.5	22.1	21.1	32.2
525	791	0	0	29.5	17.2	1.0	31.0
1917	4454	0	0	189.4	1.1	89.2	2.0
1402	1132	5	0	14.3	0.3	13.6	0.3
1406	1298	5	0	14.3	0.7	14.2	1.4
7688	23048	0	0	183.9	3.0	3.8	8.0
24596	356	0	0	183.9	36.1	1.8	31.5
7720	23048	0	0	183.7	3.5	2.8	7.9
4593	8829	0	0	27.0	0.1	27.4	0.0
1863	7443	0	0	11.9	0.2	1.7	0.1
1694	7489	0	0	143.9	18.3	28.4	25.8
7851	81340	0	0	12.9	10.0	6.5	20.2
1538	13444	5	0	18.3	0.4	17.6	0.6
39524	11942064	0	6	19.8	0.6	13.1	0.6
9209	746779	0	1	14.5	0.6	6.9	0.5
1280	710	5	0	15.9	0.6	13.8	1.1
1401	10188	0	0	206.2	1.1	21.7	2.1
1892	3646	0	0	46.4	0.1	3.4	0.1
3161	3310	0	0	49.1	0.1	4.7	0.0
24123	700	5	0	16.8	0.6	11.8	0.8
780	4610	0	0	16.5	0.2	15.8	0.2
749	6686	0	0	23.3	0.3	19.7	0.2
5150	81974	5	0	26.0	0.6	20.2	1.4
1285	819	5	0	17.7	17.1	7.5	29.1
1307	823	5	0	12.1	16.6	2.5	28.5
733	251	0	0	13.2	0.8	2.8	1.2
1248	26800	0	0	58.9	3.5	4.0	7.0
5117	4454	0	0	143.5	0.9	5.1	0.8
2454	3749	5	0	13.6	0.6	12.3	1.3
1300	710	5	0	18.1	0.5	14.2	0.8
0	0	0	0	0.0	0.0	0.0	0.0
0	0	0	0	196.0	0.2	0.0	0.0
2049	6210	0	0	188.4	22.6	1.0	31.9
636	600	0	0	189.1	23.1	2.2	29.2
225	10737	0	0	4.6	0.4	0.0	0.0
191	826309	0	28	163.8	1.2	0.6	6.7
1892	3646	0	0	49.1	0.2	4.1	0.0
3161	3310	0	0	49.9	0.2	4.5	0.1
1945	3550	0	0	47.2	0.2	2.5	0.1
749	6728	0	0	17.9	0.3	17.8	0.3
1669	16515	5	0	22.4	0.4	19.0	0.6
38076	11921178	0	96	19.4	0.7	12.3	1.9
6326	363390	0	1	12.9	0.2	6.5	0.1
1280	710	5	1	15.9	0.6	13.5	1.2
66530	358491	45	3	22.8	3.3	20.4	12.7
1411	10189	0	0	201.1	1.4	16.8	2.7
0	0	0	0	194.9	0.2	0.0	0.0
26993	23223	0	1	19.8	16.2	6.3	25.2
1430	415662	2	0	65.3	0.4	35.1	0.3
2856	33582	9	0	29.9	3.6	17.5	13.2
29398	54187	66	0	33.0	22.7	19.6	27.6
181	1621	0	0	6.2	0.2	2.9	0.0
149	1532	0	0	3.7	0.2	0.6	0.1
1325	6279	0	0	30.5	0.2	3.1	0.1
1069	6631	0	0	31.2	0.2	2.6	0.1
1892	3646	0	0	47.6	0.2	2.8	0.1
3161	3310	0	0	49.4	0.2	3.6	0.1
1667	16710	5	1	33.6	0.5	41.5	0.7
14986	4030979	0	3	19.9	1.0	20.6	2.5
38077	10520090	0	8	20.1	0.9	12.4	2.5
1279	710	5	0	15.5	0.7	14.6	1.2
0	0	0	0	347.0	0.2	0.0	0.0
1411	10189	0	0	215.7	2.8	28.3	5.8
2000	5976	5	0	17.1	0.2	16.1	0.1
19984	216723	5	4	30.8	0.8	31.5	4.9
1369	57454	5	1	37.6	0.3	38.3	0.2
1006	5207	5	1	15.8	0.2	7.6	0.1
2021	11027	5	0	18.9	0.2	16.1	0.1
10315	10990	5	0	268.1	2.8	13.0	11.0
512	4308	0	0	10.1	2.3	1.1	4.4
0	0	0	0	265.2	0.2	0.0	0.0
508	4291	0	0	14.1	0.3	5.8	0.2
0	0	1	0	0.0	0.0	0.0	0.0
0	0	1	0	0.0	0.0	0.0	0.0
1892	3646	0	0	51.0	0.1	7.9	0.1
3378	3310	1	0	129.5	0.2	105.9	0.0
2942	62212	13	0	26.8	0.4	23.2	0.5
14964	2858843	0	0	22.4	0.6	13.3	1.1
3442	203852	0	0	13.3	0.3	4.0	0.1
2296	1566	13	1	27.5	0.4	20.5	0.5
1401	9147	0	0	190.4	1.4	16.7	3.0
0	0	0	0	179.6	0.3	0.0	0.0
134702	89152	29	1	20.3	0.9	17.5	6.0
749	6927	0	0	18.8	0.5	17.2	0.7
728	5971	0	0	17.5	0.3	17.6	0.3
749	6004	0	0	16.9	0.3	18.1	0.3
131712	437189	7	9	29.1	0.6	27.1	4.3
1076	4750	5	0	18.5	0.1	13.0	0.0
9213	2630811	0	2	13.4	1.3	2.7	5.5
10648	1256981	0	0	19.6	0.7	12.6	0.5
1719	10315	1	1	349.0	2.4	14.4	5.5
0	0	0	0	385.5	1.2	0.0	0.0
1892	3646	0	0	47.8	0.2	3.9	0.1
3161	3310	0	0	50.3	0.2	6.0	0.1
1945	3550	0	0	48.0	0.2	2.7	0.0
2721	562330	5	1	20.4	0.2	17.9	0.3
15642	2514005	0	0	17.4	0.7	12.3	3.9
2567	66556	0	0	16.9	5.8	15.2	18.5
508	4291	0	0	10.4	0.2	1.8	0.1
733	251	0	0	10.4	1.1	1.8	1.6
1496	934	5	0	8.9	0.4	0.6	0.7
2155	4467	5	0	9.8	0.7	0.5	1.1
1413	10188	0	0	37.8	1.1	12.4	2.0
25077	6087160	0	5	19.3	0.9	14.9	2.2
3444	269776	0	0	17.9	0.3	17.4	0.1
1439	10188	0	0	38.3	3.0	12.3	6.2
0	0	1	0	0.0	0.0	0.0	0.0
0	0	1	0	0.0	0.0	0.0	0.0
26228	78582	0	0	13.2	0.3	6.6	0.2
0	0	0	0	0.0	0.0	0.0	0.0
0	0	0	0	0.0	0.0	0.0	0.0
245666	8845	0	1	115.8	36.3	5.2	27.8
21500	63646	0	0	12.4	3.2	6.9	14.0
47604	32356	0	0	185.9	17.3	9.3	23.8
117	133	0	0	45.9	16.4	0.0	0.0
188	1292	0	0	3.3	0.3	0.9	0.0
171	426	0	0	4.6	0.3	1.4	0.2
158	1643	0	0	3.4	0.2	1.0	0.0
457	8084	0	0	28.3	0.2	0.8	0.1
30854	8920773	0	64	27.5	0.5	50.1	0.5
6325	570530	0	1	13.1	0.3	7.4	0.1
1449	10189	0	0	130.3	2.9	4.9	5.8
749	6663	0	0	17.4	0.6	17.4	0.8
1892	3646	0	0	47.7	0.2	4.0	0.0
3161	3470	0	0	57.9	0.2	17.9	0.1
20188	159316	5	3	26.5	0.5	20.0	2.6
1290	839	5	0	25.5	17.2	21.9	29.4
1321	843	5	0	12.4	17.1	6.0	29.3
733	251	0	0	9.8	0.8	0.5	1.2
512	4306	0	0	9.2	0.1	1.0	0.0
1878	4780	5	0	18.1	1.6	18.5	3.3
830	2781	2	0	120.7	12.5	1.6	24.6
0	0	0	0	119.1	0.2	0.0	0.0
1924	3646	0	0	47.1	0.1	4.6	0.0
3161	3310	0	0	49.1	0.2	4.2	0.1
1186	5192	5	0	18.9	7.5	14.2	19.4
0	0	1	0	0.0	0.0	0.0	0.0
0	0	1	0	0.0	0.0	0.0	0.0
733	251	0	0	13.3	1.2	6.2	1.7
733	251	0	0	13.8	2.3	5.1	3.7
1254	19700	1	0	9.6	6.1	0.6	17.5
1848	157133	1	0	13.2	0.4	5.7	0.3
1150	7715	1	0	18.9	0.2	11.8	0.1
3042	13823	4	0	31.2	0.3	2.8	0.2
1711	68379	1	4	12.6	0.3	4.7	0.2
3042	14215	4	0	30.8	0.2	2.5	0.1
1126	7989	4	0	30.5	0.2	1.9	0.0
643	6202	0	0	30.2	18.9	2.4	32.4
643	6202	0	0	35.6	2.9	4.5	5.1
1850	54294	1	0	14.2	5.0	7.0	16.6
1310	573	5	0	16.3	25.6	12.0	29.2
1191	538	0	0	28.8	0.2	0.8	0.0
1919	4491	58	0	122.5	1.2	10.2	0.9
745	248	6	0	2.7	19.4	0.3	33.4
725	584	1	0	9.4	0.3	0.2	0.0
2549	673	1	0	11.3	25.0	4.1	28.6
708	3572	0	0	118.5	12.3	1.8	24.2
708	3572	0	0	117.7	12.1	10.4	24.0
708	3572	0	0	120.5	13.0	3.9	25.5
2142	4935	0	0	119.9	10.1	17.0	22.2
4628	13766	0	0	12.9	0.3	11.4	0.3
3254	4709	0	0	121.5	11.5	16.1	24.8
1894	11384	0	0	9.4	0.4	2.0	0.4
749	6722	0	0	17.3	0.3	17.7	0.3
1892	3646	0	0	46.2	0.1	2.7	0.0
3161	3310	0	0	53.4	0.2	15.1	0.1
1945	3550	0	0	46.5	0.2	2.6	0.1
1608	781	5	0	178.2	0.9	13.7	1.9
5007	425852	11	0	24.2	0.6	17.3	1.3
27514	4711	5	0	12.6	0.1	9.2	0.0
16421	3114718	0	4	25.5	0.3	23.5	0.3
4885	447090	0	1	11.2	0.3	1.7	0.2
1403	10188	0	0	256.3	1.8	60.0	2.9
1279	710	5	0	16.3	0.6	15.1	1.2
0	0	0	0	188.9	0.1	0.0	0.0
749	6729	0	0	18.0	0.3	19.1	0.3
728	5959	0	0	17.2	0.6	18.0	0.7
749	5850	0	0	23.0	0.3	31.8	0.2
5398	4611	0	0	9.7	0.4	0.8	0.5
17863	2715306	0	4	38.9	0.9	57.0	5.8
16424	2657538	0	5	28.3	1.3	25.7	5.6
1401	9147	0	0	256.7	3.4	76.5	7.6
0	0	0	0	215.8	0.4	0.0	0.0
1300	710	5	0	20.0	1.0	23.0	1.9
749	6782	0	0	18.0	0.5	17.8	0.5
26782	65664	0	0	11.7	0.2	6.8	0.2
433474	8845	1	0	121.2	36.2	15.9	25.1
0	0	0	0	0.0	0.0	0.0	0.0
19470	76544	0	0	12.4	0.2	7.2	0.3
1697	5527	5	0	15.5	0.2	13.8	0.1
1814	8158	5	0	12.8	0.7	11.2	1.8
1892	3646	0	0	57.1	0.2	10.1	0.1
3161	3310	0	0	54.4	0.2	16.2	0.0
749	6933	0	0	17.9	0.3	17.3	0.3
1953	66344	0	0	10.9	0.3	0.9	0.2
38218	21864019	0	2	22.9	0.4	14.4	0.4
1362	10188	0	0	38.3	1.6	10.6	3.1
2928	12194	0	0	15.1	0.5	13.9	0.7
630	3976	0	0	19.6	0.5	19.7	0.6
567	133	0	0	23.5	0.5	18.6	0.0
1892	3646	0	0	45.6	0.2	3.0	0.0
3161	3470	0	0	47.7	0.1	3.2	0.0
749	6791	0	0	18.3	0.4	17.7	0.4
1058	1172	0	0	60.2	0.3	38.0	0.3
802	1524	0	0	33.4	0.3	4.2	0.3
181	1622	0	0	4.3	0.6	2.8	0.8
149	1971	0	0	6.2	0.1	3.7	0.0
147	1587	0	0	5.2	0.8	2.0	0.5
149	1899	0	0	5.1	0.6	1.7	0.6
149	1964	0	0	5.0	0.8	1.6	0.6
149	1531	0	0	4.9	0.9	1.5	0.6
1924	3646	0	0	64.1	0.2	35.5	0.1
3161	3310	0	0	50.7	0.2	5.1	0.1
5539	253443	5	1	47.0	0.2	57.4	0.1
505	4291	0	0	11.9	0.2	2.4	0.1
505	4291	0	0	19.6	0.4	9.7	0.2
733	251	0	0	18.0	1.6	5.6	2.2
925	20749	5	0	14.2	0.3	4.4	0.2
20072	7089409	1	0	47.2	0.7	46.5	0.7
14499	5321748	0	1	28.7	0.6	27.3	0.6
4487	20286	5	0	25.8	0.7	50.1	1.8
4764	61377	5	0	11.7	0.2	7.1	0.2
518	4055	0	0	10.6	0.4	1.9	0.3
733	251	0	0	9.8	1.4	1.2	1.7
1352	10188	0	0	157.4	1.8	16.2	3.5
749	6715	0	0	26.4	0.3	18.8	0.4
512	3934	0	0	15.2	0.2	3.9	0.1
512	4308	0	0	23.1	0.2	2.4	0.0
522	4055	0	0	10.7	15.1	0.2	29.9
733	251	0	0	11.0	0.9	1.0	1.3
0	0	1	0	0.0	0.0	0.0	0.0
0	0	1	0	0.0	0.0	0.0	0.0
1892	3646	0	0	47.0	0.1	5.0	0.0
3161	3310	0	0	59.5	0.2	28.3	0.1
1945	3470	0	0	49.9	0.1	8.5	0.1
749	6961	0	0	16.9	1.4	17.7	2.5
749	7084	0	0	18.9	0.4	17.1	0.6
749	7032	0	0	18.3	1.8	17.3	3.3
0	0	0	0	0.0	0.0	0.0	0.0
1301	710	5	0	17.5	0.6	16.3	1.0
1664	4786	0	0	17.1	0.3	18.2	0.3
0	0	0	0	0.0	0.0	0.0	0.0
0	0	0	0	0.0	0.0	0.0	0.0
1894	11384	0	0	10.8	1.0	1.4	1.5
0	0	1	0	0.0	0.0	0.0	0.0
0	0	1	0	0.0	0.0	0.0	0.0
1892	3646	0	0	58.2	0.1	25.5	0.0
3161	3310	0	0	54.9	0.1	12.8	0.1
749	6747	0	0	18.4	0.4	17.6	0.3
117	133	0	0	44.8	14.8	0.0	0.0
158	1643	0	0	3.6	0.2	0.5	0.1
171	426	0	0	7.4	0.2	5.8	0.2
1892	3646	0	0	46.9	0.1	4.0	0.0
3161	3310	0	0	48.1	0.2	5.0	0.1
1427	5793	7	0	20.1	0.3	16.6	0.1
1175	4722	5	0	19.3	0.2	12.3	0.2
1406	1444	5	0	19.3	0.5	17.7	0.7
1664	4786	0	0	15.4	0.3	13.6	0.4
1894	11384	0	0	9.5	0.4	1.0	0.4
36935	31978	10	4	20.6	50.2	14.6	18.9
3037	4956	8	0	13.5	0.2	11.0	0.2
1892	3646	0	0	58.5	0.1	24.3	0.0
3161	3310	0	0	47.4	0.2	4.7	0.1
1945	3550	0	0	47.5	0.2	3.8	0.0
598	5717	0	0	196.3	0.6	20.0	0.8
509	4290	0	0	9.5	0.1	1.1	0.0
733	251	0	0	10.7	0.8	1.5	1.1
16275	20330	5	1	10.7	0.3	5.9	0.7
518	4055	0	0	8.8	0.2	0.9	0.1
20819	694	5	0	13.5	0.4	9.8	0.3
0	0	1	0	0.0	0.0	0.0	0.0
0	0	1	0	0.0	0.0	0.0	0.0
2777	5927	5	0	12.3	0.4	10.5	0.6
1300	710	5	0	14.9	0.6	13.9	0.8
0	0	0	0	187.2	0.3	0.0	0.0
536	5624	0	0	190.2	0.2	1.1	0.1
9623	9356	0	0	200.6	0.3	33.2	0.2
0	0	0	0	188.3	0.2	0.0	0.0
1892	3646	0	0	50.2	0.1	6.9	0.0
3161	3470	0	0	49.9	0.2	5.4	0.0
1924	3646	0	0	53.9	0.2	9.4	0.1
3161	3470	0	0	49.0	0.2	3.7	0.1
25097	66863	21	0	19.9	4.6	18.0	15.0
12492	14648	0	1	19.9	17.5	6.7	25.5
0	0	0	0	0.0	0.0	0.0	0.0
1924	3646	0	0	54.6	0.1	18.0	0.0
3161	3310	0	0	50.5	0.2	9.1	0.0
780	4651	0	0	18.9	0.3	21.2	0.3
749	7252	0	1	17.1	0.3	18.1	0.2
1664	4786	0	0	22.3	0.4	15.5	0.4
1894	11384	0	0	12.3	0.4	2.4	0.3
11405	24312	24	0	32.7	23.7	19.0	27.9
0	0	1	0	0.0	0.0	0.0	0.0
0	0	1	0	0.0	0.0	0.0	0.0
149	1966	0	0	9.4	0.2	5.1	0.2
181	1622	0	0	8.2	0.3	6.3	0.2
149	1532	0	0	9.0	0.5	5.3	0.1
149	1970	0	0	9.0	0.4	5.3	0.1
147	1712	0	1	7.1	0.4	2.7	0.2
149	1898	0	0	9.0	0.4	5.7	0.2
802	1524	0	0	29.1	0.2	0.5	0.1
1058	1172	0	0	27.7	0.1	0.5	0.0
1892	3646	0	0	61.8	0.2	12.8	0.1
3161	3310	0	0	60.1	0.2	32.3	0.0
1945	3470	0	0	68.5	0.2	8.9	0.0
512	11923	0	0	29.2	0.3	1.8	0.1
749	6951	0	0	17.5	0.5	18.0	0.5
749	6858	0	0	22.5	0.4	22.0	0.3
1892	3646	0	0	48.7	0.2	5.0	0.0
3161	3310	0	0	46.0	0.2	3.2	0.1
13378	11674	5	0	15.8	0.3	13.0	0.3
749	6789	0	0	18.2	0.3	17.8	0.3
749	6779	0	0	17.9	0.5	17.2	0.6
749	6837	0	0	18.0	0.5	18.2	0.5
749	6673	0	0	18.3	0.4	17.6	0.3
53292	33059	12	3	266.2	13.0	118.8	21.0
1300	710	5	0	14.9	1.6	15.3	3.4
1664	4786	0	0	14.8	0.3	14.1	0.4
1894	11384	0	0	8.4	0.4	1.1	0.5
749	6901	0	0	16.4	0.3	17.6	0.2
749	6672	0	0	17.2	1.0	17.6	1.8
1892	3646	0	0	47.3	0.2	3.9	0.0
3161	3310	0	0	46.4	0.2	2.8	0.0
1945	3550	0	0	65.8	0.2	44.2	0.1
0	0	1	0	0.0	0.0	0.0	0.0
0	0	1	0	0.0	0.0	0.0	0.0
749	6823	0	0	17.5	0.3	17.6	0.3
749	6783	0	0	16.5	0.5	18.4	0.5
0	0	0	0	0.0	0.0	0.0	0.0
3766	1208049	5	1	18.8	0.4	8.8	0.6
349	4019	0	0	9.5	0.1	1.4	0.0
749	6876	0	0	16.8	0.4	17.7	0.5
749	6848	0	0	22.1	0.4	27.7	0.5
5990	4760	0	0	10.0	9.2	1.2	21.1
1892	3646	0	0	48.1	0.2	4.9	0.1
3161	3310	0	0	48.3	0.2	4.7	0.0
117	133	0	0	46.7	27.3	0.0	0.0
188	1291	0	0	6.6	0.2	0.8	0.2
158	1641	0	0	6.5	0.3	1.2	0.3
171	426	0	0	6.5	0.2	1.7	0.1
3974	9672	0	0	10.8	0.2	1.3	0.1
4007	9736	0	0	11.2	0.1	3.1	0.0
4038	9704	0	0	11.9	0.2	2.4	0.0
3320	4280	0	0	194.0	10.9	2.4	22.7
749	6860	0	0	19.9	0.4	24.8	0.4
1917	4438	0	0	146.3	1.4	6.9	2.3
1407	1413	5	0	18.4	0.4	14.8	0.7
749	6886	0	0	20.4	0.3	17.5	0.3
749	6713	0	0	16.2	0.2	17.8	0.3
2928	12194	0	0	13.8	0.3	13.5	0.5
630	3976	0	0	18.6	0.5	19.3	0.7
147	1588	0	0	4.2	0.3	0.5	0.1
149	1969	0	0	3.6	0.4	1.1	0.2
149	1899	0	0	3.7	0.2	1.1	0.2
149	1965	0	0	4.4	0.2	0.7	0.1
27613	712	0	0	143.4	42.8	1.5	24.1
1863	9212	0	0	11.7	0.2	2.3	0.1
11131	11547	0	0	13.1	0.2	6.0	0.1
7851	79587	0	0	12.7	10.2	3.3	21.8
1142	5844	0	0	193.6	0.4	1.7	0.4
749	6679	0	0	20.1	0.3	18.1	0.3
0	0	1	0	0.0	0.0	0.0	0.0
0	0	1	0	0.0	0.0	0.0	0.0
13780	701	0	0	16.6	0.3	12.4	0.2
749	6831	0	0	18.3	0.3	16.9	0.3
4058	12988	0	0	13.5	0.3	11.7	0.4
1510	4709	0	0	121.3	9.3	17.6	19.4
0	0	0	0	0.0	0.0	0.0	0.0
0	0	0	0	0.0	0.0	0.0	0.0
0	0	0	0	0.0	0.0	0.0	0.0
0	0	0	0	0.0	0.0	0.0	0.0
0	0	0	0	0.0	0.0	0.0	0.0
0	0	0	0	0.0	0.0	0.0	0.0
0	0	0	0	0.0	0.0	0.0	0.0
0	0	0	0	0.0	0.0	0.0	0.0
630	3976	0	0	19.0	0.5	19.8	0.6
181	1623	0	0	4.3	0.2	0.9	0.0
1058	3166	0	2	30.7	0.1	3.6	0.0
802	4222	0	2	43.0	0.1	18.9	0.0
1892	3646	0	0	53.4	0.2	10.2	0.1
2921	3310	0	0	47.4	0.2	3.8	0.1
1945	3550	0	0	56.5	0.2	20.4	0.1
749	7034	0	1	17.0	0.5	18.0	0.5
749	7419	0	1	16.4	0.4	17.9	0.3
749	7176	0	1	19.7	0.5	19.3	0.5
749	6868	0	0	17.9	0.3	16.8	0.2
1892	3646	0	0	246.0	0.2	127.0	0.1
548	4208	1	2	74.3	0.2	0.0	0.0
2921	3332	0	1	139.4	0.2	79.9	0.1
0	0	0	0	0.0	0.0	0.0	0.0
749	7093	0	1	17.8	0.3	17.3	0.3
749	6921	0	0	17.9	0.3	19.4	0.2
974	263	0	0	207.8	20.4	4.8	34.8
4324	5727	0	0	49.9	9.3	8.0	11.8
149	1531	0	0	3.0	0.2	0.7	0.1
1892	3646	0	0	46.5	0.1	3.0	0.0
2921	3310	0	0	46.9	0.2	3.6	0.1
749	6804	0	1	17.3	0.3	17.5	0.3
0	0	1	0	0.0	0.0	0.0	0.0
0	0	1	0	0.0	0.0	0.0	0.0
749	7238	0	1	20.5	0.2	15.5	0.2
1997	4454	0	0	167.1	0.4	29.5	0.4
2794	5580	0	0	16.3	0.7	14.4	1.5
2166	4709	0	0	187.5	10.2	57.3	21.1
1894	11368	0	0	14.9	0.4	10.9	0.6
861	4976	6	0	31.8	14.1	20.8	23.8
1252	719	5	0	11.0	17.4	0.0	29.6
0	0	0	0	11.1	0.2	0.0	0.0
2005	7136	5	1	15.7	0.3	14.5	0.3
343	3882	0	0	8.9	11.9	0.6	19.8
50703	5181	6	0	14.8	2.4	11.4	6.4
1013	5990	5	1	24.6	0.3	40.2	0.1
30301	22656	5	0	18.6	0.3	20.3	0.2
852	4754	5	1	24.7	7.6	38.7	19.3
2400	5049	5	0	17.4	0.1	16.4	0.0
60820	160234	5	5	15.0	1.4	12.3	7.9
1762	4668	5	1	16.9	0.2	14.0	0.2
4123	78012	5	0	30.2	0.4	31.2	1.0
2165	6301	2	0	21.1	0.3	18.5	0.3
3098	483436	5	0	33.0	0.9	31.7	4.6
508	4291	0	0	10.3	0.1	1.5	0.0
512	4349	0	1	10.5	0.1	1.5	0.0
518	4055	0	0	18.0	0.2	9.8	0.1
508	4291	0	0	11.7	0.2	5.7	0.1
1292	833	5	0	11.5	17.0	0.0	29.1
0	0	0	0	9.4	0.1	0.0	0.0
1003	84370	5	1	10.8	0.3	2.5	0.2
1318	837	5	0	9.3	16.9	0.0	29.0
0	0	0	0	9.7	0.3	0.0	0.0
749	6667	0	0	22.1	0.6	19.1	0.7
509	4291	0	0	14.8	0.1	3.7	0.0
16233	20410	5	1	11.7	0.2	8.1	0.2
518	4055	0	0	10.1	0.3	1.3	0.0
1892	3646	0	0	48.1	0.2	6.5	0.1
2921	3310	0	0	46.5	0.2	3.4	0.1
1945	3550	0	0	46.6	0.2	3.0	0.1
349	4820	0	1	25.5	0.6	11.9	0.4
349	4818	0	1	17.2	0.6	5.7	0.4
349	4818	0	1	17.7	10.0	11.7	18.7
4552	1128305	4	1	22.5	0.6	11.5	3.4
349	4816	0	1	18.6	0.2	11.9	0.1
349	4816	0	1	32.8	0.2	29.9	0.0
349	4816	0	1	31.7	0.3	29.9	0.3
349	4820	0	1	36.9	0.4	31.7	0.3
349	4020	0	0	17.6	0.2	12.5	0.2
349	4020	0	0	19.4	0.3	10.2	0.3
749	6917	0	1	17.8	0.5	17.9	0.5
2762	6257	0	1	16.7	0.3	13.5	0.5
2166	4709	0	0	214.5	11.2	73.5	24.1
1894	11331	0	0	15.4	0.3	12.5	0.3
5800	15194	0	0	12.9	0.3	11.1	0.4
2166	4709	0	0	185.0	11.7	89.2	24.9
6174	21808	0	0	14.0	0.4	12.5	0.6
749	6857	0	1	18.9	0.6	18.8	0.6
0	0	1	0	0.0	0.0	0.0	0.0
0	0	1	0	0.0	0.0	0.0	0.0
1892	3646	0	0	45.7	0.2	3.3	0.0
2921	3310	0	0	47.0	0.2	4.0	0.0
2405	11018	0	0	14.8	2.6	10.8	8.2
2166	4709	0	0	164.5	9.5	42.1	19.6
1148	589	2	0	27.5	0.8	16.5	1.3
1986	894	2	0	17.2	0.4	14.6	0.7
2532	467	2	0	16.6	0.4	14.0	0.7
1296	647	1	0	16.9	0.5	14.6	0.8
1195	4565	1	0	16.1	0.1	13.9	0.0
3116	5834	1	0	19.5	0.1	16.6	0.0
288	1960	1	0	10.7	0.1	3.3	0.0
749	7140	0	1	17.9	0.6	17.3	0.6
2794	5580	0	0	15.8	0.4	13.7	0.4
2166	4709	0	0	182.9	9.7	43.2	20.9
1894	11368	0	0	9.3	0.3	1.1	0.3
1109	589	0	0	77.9	11.4	86.3	22.4
1984	800	0	0	48.3	1.3	70.5	2.8
2530	467	0	0	23.0	2.5	13.9	5.6
0	0	0	1	102.9	0.3	0.0	0.0
1295	647	0	0	19.3	1.1	22.6	2.1
1608	2381	0	1	41.8	24.7	16.2	28.1
1211	622	69	0	28.9	22.5	16.3	25.4
1989	1102	5	1	18.8	1.4	13.8	2.5
4058	12972	0	0	17.0	0.5	15.5	0.8
1494	4709	0	0	208.5	9.3	98.8	19.0
10345	99109	5	1	25.8	0.3	19.9	0.6
630	3976	0	0	17.9	0.5	18.0	0.4
1300	849	5	0	10.5	17.6	1.5	30.3
1326	853	5	0	9.7	17.4	0.4	29.9
7204	764	5	3	15.6	0.3	14.2	0.3
508	5346	0	1	9.6	0.3	0.2	0.3
733	251	0	0	12.8	3.5	3.8	5.9
7001	41177	8	3	16.7	3.7	16.0	13.2
28158	35298	9	0	17.8	0.3	13.6	0.1
2043	1849	18	2	20.0	0.7	17.9	1.6
117	133	0	0	44.8	14.9	0.0	0.0
158	1643	0	0	3.5	0.3	0.2	0.1
171	426	0	0	3.1	0.5	0.1	0.1
11094	33005	0	1	11.4	4.6	8.3	16.0
1542	4709	0	0	285.3	11.6	141.2	24.2
5336	15098	0	0	13.7	0.3	10.0	0.4
1892	3646	0	0	46.9	0.1	4.4	0.0
2921	4770	0	1	92.4	0.1	96.7	0.0
1385	4819	5	1	51.4	0.2	13.3	0.0
2880	5194	0	0	390.2	15.1	77.0	23.9
1227	1197	5	1	17.2	0.3	13.4	0.2
1402	1121	5	1	28.2	0.3	31.8	0.3
1187	5082	5	1	14.9	12.1	13.8	26.6
749	7744	0	2	18.3	0.5	17.4	0.6
113532	641447	3	32	40.3	20.2	28.0	26.0
9533	438049	6	1	7.8	3.6	4.7	12.6
1376	28437	6	1	8.1	7.0	7.1	18.9
942	12064	6	0	10.2	9.6	11.2	21.1
942	8974	6	0	10.0	6.1	11.4	13.6
5543	111321	6	1	14.5	7.6	25.8	17.6
6951	604033	6	2	11.1	0.4	10.4	0.9
5135	217632	6	1	17.1	1.8	28.3	8.6
1400	15538	6	0	32.6	0.6	36.0	0.5
2230	75586	6	1	22.3	0.4	18.2	0.3
5587	133097	6	0	16.2	0.9	21.9	2.4
564	153	0	0	44.8	1.3	50.9	1.6
9952	61510	1	1	35.8	12.2	39.6	20.4
926	17456	6	0	33.3	4.3	6.5	10.8
926	20827	6	2	15.1	1.4	5.7	2.6
2009	77860	4	0	17.0	2.5	6.5	7.6
1677	52120	4	0	20.2	0.4	16.4	0.3
4406	1443509	1	0	86.4	0.8	46.2	4.6
1107	985118	0	10	14.0	1.6	7.7	7.3
2208	745813	1	2	69.4	0.6	41.5	1.6
2340	878820	1	2	78.4	0.4	43.9	0.3
1215	31447	6	1	6.4	5.1	2.9	14.6
882	4610	1	4	36.4	13.8	17.2	30.4
1169	4421	1	1	28.6	0.2	0.7	0.1
2611	5680	1	0	37.9	8.7	15.0	20.4
8322	24862	0	2	13.0	4.5	10.6	13.3
4128	5253	0	1	212.6	18.2	139.2	27.1
3828	15050	0	1	16.0	0.4	13.1	0.8
0	0	0	0	0.0	0.0	0.0	0.0
1892	3646	0	0	47.2	0.1	5.0	0.0
2921	3310	0	0	47.4	0.1	4.1	0.0
1945	3550	0	0	50.4	0.1	3.8	0.0
2457	9560	11	1	16.1	10.8	16.3	25.7
749	7140	0	1	17.6	0.2	17.8	0.2
1816	2344	0	0	38.5	10.7	14.4	23.3
0	0	1	0	0.0	0.0	0.0	0.0
0	0	1	0	0.0	0.0	0.0	0.0
0	0	0	0	0.0	0.0	0.0	0.0
0	0	0	0	0.0	0.0	0.0	0.0
0	0	0	0	0.0	0.0	0.0	0.0
0	0	0	0	0.0	0.0	0.0	0.0
0	0	0	0	0.0	0.0	0.0	0.0
0	0	0	0	0.0	0.0	0.0	0.0
0	0	0	0	0.0	0.0	0.0	0.0
0	0	0	0	0.0	0.0	0.0	0.0
0	0	0	0	0.0	0.0	0.0	0.0
0	0	0	0	0.0	0.0	0.0	0.0
0	0	0	0	0.0	0.0	0.0	0.0
0	0	0	0	0.0	0.0	0.0	0.0
0	0	0	0	0.0	0.0	0.0	0.0
0	0	0	0	0.0	0.0	0.0	0.0
0	0	0	0	0.0	0.0	0.0	0.0
0	0	0	0	0.0	0.0	0.0	0.0
1712	5500	0	2	18.4	0.4	17.0	0.5
1894	11368	0	0	9.9	0.4	1.7	0.3
7525	15121	10	5	17.3	7.6	13.4	18.9
0	0	0	0	0.0	0.0	0.0	0.0
1609	779	5	1	45.4	1.3	14.6	2.3
598	5717	0	0	397.2	0.4	26.7	0.3
106473	71531	13	2	18.0	0.3	26.1	0.1
1892	3646	0	0	51.4	0.2	12.5	0.1
2921	3310	0	0	49.9	0.2	7.9	0.0
1100	182	10	0	33.7	0.6	0.0	0.0
21896	7052	19	2	50.6	5.2	45.1	15.6
1095	4085	3	1	43.5	12.5	10.7	27.3
0	0	2	0	0.0	0.0	0.0	0.0
643	3803	0	0	12.3	13.3	1.1	26.2
892	3657	0	0	5.0	12.1	1.7	23.4
0	0	2	1	0.0	0.2	0.0	0.0
633	208	0	0	20.3	0.8	20.4	0.8
411	3498	0	0	192.0	0.2	90.2	0.1
411	3573	0	0	193.7	0.3	88.7	0.2
411	3497	0	0	190.4	0.4	89.7	0.4
411	3497	0	0	192.6	0.3	88.9	0.4
633	239	0	0	192.0	22.9	88.4	26.9
633	208	0	0	35.9	0.4	51.3	0.2
417	3496	0	0	30.2	0.2	0.5	0.1
411	3624	0	1	37.6	3.3	15.9	6.0
18485	54879	2	0	38.5	6.4	42.2	17.0
19474	56312	1	4	13.5	35.8	22.8	28.6
322	161	0	0	55.5	0.6	97.9	0.0
4905	74815	5	1	24.9	0.3	19.1	0.6
1285	819	5	0	9.4	18.7	0.5	31.8
1311	823	5	0	9.2	17.9	0.9	30.3
518	4054	0	0	9.1	0.2	0.8	0.0
5363	95682	2	0	114.5	8.5	15.7	16.5
5395	329274	2	0	117.7	4.1	20.4	13.0
829	9387	0	0	39.9	0.2	1.6	0.1
3329	57314	2	1	118.1	6.1	2.5	16.1
3867	42653	2	1	118.3	10.6	3.2	21.5
6191	187135	2	0	141.5	7.0	54.0	16.9
3364	39980	2	1	113.9	13.3	2.2	25.0
995	9163	3	0	248.8	16.1	74.5	24.7
513	3975	0	0	28.3	0.2	13.6	0.1
1197	6481	5	0	25.1	0.2	13.5	0.1
9737	8735	10	2	25.5	0.5	19.3	1.5
341	4254	0	0	9.2	0.4	0.6	0.3
1199	57526	5	1	9.3	0.3	0.9	0.2
908	69287	0	0	38.6	0.2	0.6	0.2
4978	172445	2	1	126.3	1.9	5.3	3.8
2339	271295	2	1	115.7	1.6	4.1	7.3
5716	133249	1	1	111.5	3.2	5.9	10.6
6682	66607	2	2	162.1	15.7	68.7	23.1
5637	40619	1	0	150.5	14.2	68.9	22.2
4578	73566	2	1	144.2	4.4	68.2	13.2
1892	3646	0	0	145.6	0.2	179.8	0.1
2921	3310	0	0	52.7	0.2	10.4	0.0
181	1623	0	0	3.3	0.6	1.1	0.4
149	1899	0	0	3.6	0.7	1.0	0.5
149	1966	0	0	3.2	0.5	0.7	0.5
149	1969	0	0	2.8	0.6	0.6	0.2
149	1532	0	0	3.4	0.9	1.0	0.6
147	1585	0	0	3.1	0.6	0.7	0.3
1058	1172	0	0	36.2	0.4	17.2	0.1
802	1524	0	0	36.2	0.4	17.5	0.2
1924	3646	0	0	45.3	0.2	1.9	0.1
2921	3310	0	0	47.7	0.3	5.7	0.1
1945	3550	0	0	47.4	0.2	5.0	0.0
0	0	2	0	0.0	0.0	0.0	0.0
1300	710	5	0	14.3	1.3	14.3	2.3
0	0	1	0	0.0	0.0	0.0	0.0
0	0	1	0	0.0	0.0	0.0	0.0
0	0	2	0	0.0	0.0	0.0	0.0
2598	14464	1	0	242.7	9.0	109.8	20.3
0	0	0	0	385.7	0.5	0.0	0.0
0	0	2	0	0.0	0.0	0.0	0.0
0	0	2	0	0.0	0.0	0.0	0.0
708	3996	0	0	11.0	20.5	2.6	34.5
643	3803	0	0	10.1	11.8	1.3	22.6
625	200	0	0	13.0	0.3	19.6	0.2
0	0	2	0	0.0	0.0	0.0	0.0
633	239	1	0	37.8	6.6	0.0	5.6
643	3803	0	0	10.0	13.0	0.7	25.3
411	3497	1	0	29.0	0.4	0.0	0.1
411	3496	1	0	33.9	0.4	0.0	0.2
633	208	0	0	19.0	0.4	19.8	0.2
0	0	2	0	0.0	0.0	0.0	0.0
0	0	2	0	0.0	0.0	0.0	0.0
0	0	2	0	0.0	0.0	0.0	0.0
0	0	2	0	0.0	0.0	0.0	0.0
0	0	2	0	0.0	0.0	0.0	0.0
0	0	0	0	0.0	0.0	0.0	0.0
0	0	2	0	0.0	0.0	0.0	0.0
0	0	2	0	0.0	0.0	0.0	0.0
0	0	2	0	0.0	0.0	0.0	0.0
6633	17100	3	0	21.1	10.7	21.6	23.5
263	396	5	0	28.9	23.0	0.0	39.2
397	161	1	0	4.5	0.3	1.3	0.0
322	161	0	0	77.5	0.5	140.8	0.0
322	161	0	0	77.6	0.3	145.8	0.0
322	161	0	0	77.3	0.3	144.8	0.0
9569	414681	2	1	242.9	3.2	163.4	10.9
0	0	0	0	231.1	0.2	0.0	0.0
3410	35009	2	0	121.0	9.8	6.9	19.3
1303	742	2	0	112.5	14.4	2.1	26.6
17702	452711	7	1	195.7	5.5	186.3	16.7
5431	83607	3	0	122.3	9.0	13.3	20.1
633	150	0	0	185.2	0.5	101.3	0.5
22820	64348	3	6	277.4	31.3	168.9	26.3
1892	3646	0	0	101.7	0.2	115.4	0.1
2921	3310	0	0	50.4	0.2	10.7	0.0
4313	2793	7	5	17.8	9.9	15.4	21.3
1301	710	5	1	15.9	1.6	14.0	2.6
1087	784	5	2	14.1	0.4	13.9	0.3
0	0	2	0	0.0	0.0	0.0	0.0
5307	3137	1	0	302.0	31.2	189.9	28.8
780	4688	0	0	15.7	0.5	17.1	0.5
749	6982	0	1	31.2	0.5	31.5	0.5
0	0	1	0	0.0	0.0	0.0	0.0
0	0	1	0	0.0	0.0	0.0	0.0
1545	6654	1	0	268.8	2.2	148.0	4.6
20187	7108	4	0	278.6	38.0	106.3	22.9
1892	3646	0	0	52.0	0.2	11.1	0.1
2921	3571	0	1	46.7	0.3	3.3	0.1
1945	3550	0	0	47.0	0.2	3.5	0.1
1914	1374	5	1	14.8	0.7	13.0	1.1
1674	8732	5	0	12.9	0.2	11.9	0.1
1301	773	5	2	14.8	1.5	13.9	2.5
15372	13637	0	3	371.8	7.1	140.9	12.8
32301	810	5	0	15.2	0.3	19.6	0.2
749	7254	0	1	17.4	0.7	17.7	0.8
3531	1826	8	1	16.5	10.7	15.6	25.1
117	133	0	0	44.0	30.7	0.0	0.0
188	1292	0	0	2.9	0.3	1.0	0.1
171	426	0	0	3.0	0.4	1.3	0.1
158	1643	0	0	3.2	0.2	0.9	0.1
1860	7571	2	0	9.1	0.4	9.0	0.4
749	7187	0	1	16.8	0.6	17.8	0.6
1892	3646	0	0	57.4	0.2	17.8	0.0
2921	3310	0	0	47.8	0.2	2.9	0.0
749	7477	0	1	20.4	0.6	16.1	0.6
749	7081	0	1	17.4	0.5	17.7	0.5
749	6855	0	1	17.2	0.5	17.6	0.5
149	1967	0	0	2.4	0.5	0.6	0.3
147	1587	0	0	3.1	0.4	2.0	0.2
149	1970	0	0	3.3	0.4	0.6	0.0
149	1895	0	0	3.7	0.4	1.4	0.2
2386	8286	1	1	14.7	0.2	5.8	0.1
5808	13035	0	1	173.4	0.2	320.1	0.1
5447	9736	1	0	12.0	0.2	2.8	0.0
3228	8941	0	1	11.6	0.1	3.0	0.0
3196	8829	0	1	14.2	0.1	5.1	0.0
749	6984	0	1	20.4	0.3	17.3	0.3
7704	32147	0	9	777.7	9.2	579.3	17.6
5418	5834	1	1	50.3	6.2	5.4	9.0
0	0	1	0	0.0	0.0	0.0	0.0
0	0	1	0	0.0	0.0	0.0	0.0
1408	1452	5	0	14.8	8.1	13.8	20.1
749	7177	0	1	17.2	0.3	17.8	0.2
1300	710	5	1	11.0	0.6	2.2	0.9
1892	3646	0	0	47.1	0.2	4.3	0.1
2793	3571	0	1	100.0	0.1	110.4	0.1
6273	8206	9	3	13.9	15.5	12.0	30.5
749	6723	0	1	16.5	0.6	18.0	0.6
0	0	0	0	0.0	0.0	0.0	0.0
1892	3646	0	0	47.0	0.3	5.1	0.1
2793	3310	0	0	217.7	0.2	297.4	0.1
1682	4323	0	0	4.3	0.8	2.3	0.8
3992	3605	2	0	4.0	29.6	1.3	46.2
322	161	0	0	68.0	0.4	122.3	0.0
2110	4075	2	0	3.5	17.7	1.2	25.3
1945	3550	0	0	56.0	0.2	18.3	0.1
8888	6188	5	0	15.1	0.4	11.9	0.3
749	7199	0	1	17.6	0.5	18.6	0.5
6374	6157	0	1	9.6	0.4	0.7	0.5
749	7148	0	1	19.9	0.6	18.6	0.6
149	1531	0	0	3.3	0.2	1.0	0.1
181	1622	0	0	2.8	0.3	1.2	0.2
1069	6631	0	0	29.0	0.2	0.5	0.1
1325	6279	0	0	28.9	0.2	0.4	0.1
1924	3646	0	0	51.1	0.2	13.7	0.2
2921	3310	0	0	48.0	0.2	7.1	0.1
2921	3332	0	1	76.8	0.2	55.8	0.1
226	2862	0	0	29.8	0.3	1.6	0.0
1299	710	5	1	15.8	1.3	15.8	2.2
749	7370	0	2	16.8	0.6	17.6	0.6
1892	3646	0	0	63.2	0.2	28.8	0.1
2921	3310	0	0	49.9	0.2	8.8	0.1
4058	12972	0	0	16.3	0.4	13.4	0.4
2166	4709	0	0	360.3	11.8	250.3	25.3
630	4653	0	1	17.2	0.4	16.5	0.5
188403	578461	0	24	36.2	18.1	13.0	24.8
3302	207388	1	1	9.1	2.8	12.2	12.4
25225	17819	4	0	14.7	0.2	12.5	0.1
2897	14654	3	1	17.0	3.6	14.7	8.7
6819	23320	4	0	20.5	0.3	13.8	0.5
27205	17066503	1	6	42.3	2.1	22.5	9.3
2292	77621	4	0	16.6	2.6	15.5	7.5
2989	1213915	1	1	52.4	0.4	26.2	0.5
1081	2942751	0	14	22.2	0.5	9.8	2.3
0	0	1	0	0.0	0.0	0.0	0.0
0	0	1	0	0.0	0.0	0.0	0.0
2164	1025653	5	0	24.9	0.7	19.8	1.6
357	3803	0	0	36.2	12.0	2.6	23.4
422	3996	0	0	35.2	17.7	1.2	29.8
0	0	1	0	18.4	0.3	0.0	0.0
1219	6581	4	0	15.0	6.9	1.1	13.4
3607	6129	1	2	29.6	0.7	2.1	1.0
4290	79269	1	0	17.9	6.1	13.8	15.2
16154	11393112	1	2	32.1	0.4	16.2	0.3
928	25330	3	0	20.2	5.3	19.0	11.1
2794	5543	0	0	21.1	0.2	14.9	0.3
3606	4709	1	0	139.8	10.6	43.3	22.8
1894	11331	0	0	36.3	0.3	20.0	0.4
1892	3646	0	0	46.7	0.1	2.5	0.0
2921	3310	0	0	59.7	0.1	18.9	0.0
2359	1253	1	1	21.1	0.5	18.8	0.8
